-1.3618789260039576e-06	2.2641942314581297e-05	1.4871536045501284e-07	1.1708593068504491e-06	6.9015631330781718e-15	-4.6668672252593922e-15	5.8195611330493842e-06	-2.1540523580609106e-05
1.4266448905642688e-06	-2.0302909502990634e-07	1.9703178339995902e-06	4.1484523174033745e-07	2.0324323344499339e-09	-1.2761481128128585e-10	-1.4267252989029053e-06	2.0328767460694114e-07
4.3845095116224553e-06	-2.2064562037111947e-05	8.0760627611120770e-07	-2.1307887097674843e-06	5.7153380783833731e-09	-1.5079493990825552e-08	-4.3845237395989979e-06	2.2064523047015287e-05
-4.3082358805326611e-06	5.4287492684284015e-07	-1.1264249420435783e-06	-1.8943490147131900e-07	-4.3557152050147862e-09	-3.2763408914154592e-10	4.3082848069972865e-06	-5.4300415751581911e-07
-4.5752246850992277e-06	2.2482446045702529e-05	-8.3431829757241363e-07	2.2055619011863353e-06	-5.9801577582235958e-09	1.5808976947632170e-08	4.5752195547593136e-06	-2.2482416442657301e-05
7.2556249068739220e-06	-8.1890528641702377e-07	1.2477307159056862e-06	1.7688483365377265e-07	7.0981259678727522e-09	7.0536054160586027e-10	-7.2556594782362794e-06	8.1898818298412621e-07
4.6206347912200456e-06	-2.3246864114617101e-05	8.5464574319090498e-07	-2.3363101523831265e-06	6.2054487464817328e-09	-1.6963674906965280e-08	-4.6206194764428045e-06	2.3246843109237225e-05
-1.0303958516105959e-05	1.0630863470488284e-06	-1.5180586674857546e-06	-1.9492572866835818e-07	-9.9888731778827342e-09	-1.0692056190305693e-09	1.0303984019588351e-05	-1.0631457100990589e-06
-4.5269034843879599e-06	2.4375363152362968e-05	-8.6891263115524942e-07	2.5239668687251961e-06	-6.3920645128349034e-09	1.8567349268037599e-08	4.5268821847872040e-06	-2.4375349370778746e-05
1.3492015123235804e-05	-1.3039496109945944e-06	1.8545398944573733e-06	2.2386196520467943e-07	1.3067243341989266e-08	1.4291690721410353e-09	-1.3492034773303651e-05	1.3039967634081186e-06
4.2960913443292089e-06	-2.5886268306200102e-05	8.7807693614242434e-07	-2.7659645079099315e-06	6.5456090351249366e-09	-2.0618850980370425e-08	-4.2960657169460579e-06	2.5886260114704538e-05
-1.6860788038905223e-05	1.5725491142324602e-06	-2.2399065230306626e-06	-2.5345481799045869e-07	-1.6403320224752676e-08	-1.7536823331000371e-09	1.6860804028519420e-05	-1.5725909527343060e-06
-3.9245472217437953e-06	2.7804470582984218e-05	-8.8072910880390703e-07	3.0672342031121104e-06	-6.6540991516863762e-09	2.3173608453291790e-08	3.9245174912188863e-06	-2.7804466737464050e-05
2.0455325649726477e-05	-1.8978594286229488e-06	2.6742033840746187e-06	2.8212327517351635e-07	2.0092847657925127e-08	2.0495294502378445e-09	-2.0455339460548453e-05	1.8979003009131927e-06
3.4042775552051393e-06	-3.0156599098695577e-05	8.7622110559502072e-07	-3.4294521669074978e-06	6.7107218440820971e-09	-2.6265142923587649e-08	-3.4042431042889382e-06	3.0156598420798412e-05
-2.4323658901274509e-05	2.3128281022644841e-06	-3.1616746386067151e-06	-3.0378601696681748e-07	-2.4228691495076582e-08	-2.2799908650459488e-09	2.4323671516189769e-05	-2.3128713041647776e-06
-2.7213367164882576e-06	3.2976854756068866e-05	-8.6195599792573883e-07	3.8614765613619348e-06	-6.6931534394042697e-09	2.9984608967681681e-08	2.7212964359767471e-06	-3.2976856528358043e-05
2.8518560882472090e-05	-2.8497738585220400e-06	3.7105850617530784e-06	3.1776806261019198e-07	2.8920748617063175e-08	2.4441220008196523e-09	-2.8518572896036702e-05	2.8498218307792801e-06
1.8567816713406077e-06	-3.6302126828822698e-05	8.3593702330533013e-07	-4.3683903901506402e-06	6.5825351575909050e-09	-3.4398561309127081e-08	-1.8567340803525147e-06	3.6302130308495980e-05
-3.3096797564054516e-05	3.5466205432544069e-06	-4.3298780799663922e-06	-3.1761154642838426e-07	-3.4279625505175826e-08	-2.4924642394337872e-09	3.3096809316086481e-05	-3.5466756913821244e-06
-7.8504874340276491e-07	4.0177961253150440e-05	-7.9432628210779045e-07	4.9623083600697207e-06	-6.3442282665137977e-09	3.9633524803263959e-08	7.8499207580278103e-07	-4.0177966053866451e-05
3.8120802732596846e-05	-4.4423474285085886e-06	5.0312142780243036e-06	3.0173951943185599e-07	4.0437688740152730e-08	2.4103376551243039e-09	-3.8120814330250869e-05	4.4424119231694805e-06
-5.2553269453523821e-07	-4.4653681036065007e-05	7.3347926285311316e-07	-5.6515066860450663e-06	5.9431491241651446e-09	-4.5792250531523370e-08	5.2560055744261241e-07	4.4653686597704114e-05
-4.3658263578718802e-05	5.5834554530317816e-06	-5.8269548957412976e-06	-2.6229171578782257e-07	-4.7536835644498781e-08	-2.1298409574357421e-09	4.3658274983119182e-05	-5.5835318916609912e-06
2.1144111603750940e-06	4.9788527938364830e-05	-6.4784312226549031e-07	6.4515754696980602e-06	-5.3264642852826834e-09	5.3043673917436857e-08	-2.1144926891550942e-06	-4.9788533951676200e-05
4.9783721657454783e-05	-7.0195255832577890e-06	6.7321571632164121e-06	1.9597474844134847e-07	5.5747295606815900e-08	1.6161752448213390e-09	-4.9783732634189007e-05	7.0196166500643386e-06
-4.0287906747626127e-06	-5.5646813750182563e-05	5.3150498729500718e-07	-7.3745344266267142e-06	4.4351773689606811e-09	-6.1537015618212732e-08	4.0288888481148745e-06	5.5646819596127879e-05
-5.6578510371944996e-05	8.8099837611738986e-06	-7.7631667581961986e-06	-9.2712897020176286e-08	-6.5258897606942159e-08	-7.7495332905914124e-10	5.6578520554739972e-05	-8.8100928834079000e-06
6.3254042922827298e-06	6.2304260969773696e-05	-3.7644191784085466e-07	8.4402528847066178e-06	-3.1888467962061258e-09	7.1497041575651292e-08	-6.3255226283475954e-06	-6.2304266185043427e-05
6.4132293604489559e-05	-1.1019842170035842e-05	8.9393130576568126e-06	-5.3404145960434151e-08	7.6297617503130093e-08	-4.5871985557343791e-10	-6.4132302381557133e-05	1.1019973130055301e-05
-9.0710545665999873e-06	-6.9843208600997060e-05	1.7356403724879222e-07	-9.6655060920718891e-06	1.4928995770194260e-09	-8.3135728004868709e-08	9.0711973549179643e-06	6.9843212269189532e-05
-7.2543374352817218e-05	1.3726850264559076e-05	-1.0282032264358016e-05	2.5570861292393359e-07	-8.9121152239591729e-08	2.2183056989160888e-09	7.2543380919393128e-05	-1.3727007921155010e-05
1.2344565084503782e-05	7.8359178267312370e-05	8.8699906072448207e-08	1.1075650133052399e-05	7.7481998996406746e-10	9.6753267251660591e-08	-1.2344737447983329e-05	-7.8359179513643289e-05
8.1920184060491974e-05	-1.7017515392716562e-05	1.1816232576282755e-05	-5.2394699088057171e-07	1.0403365087941919e-07	-4.6142257711575058e-09	-8.1920187237567493e-05	1.7017705294265333e-05
-1.6237979488899223e-05	-8.7956159697556607e-05	-4.2390472759216378e-07	-1.2693620347288400e-05	-3.7618309478584326e-09	-1.1264742025623519e-07	1.6238187708476163e-05	8.7956157007343727e-05
-9.2381985002137454e-05	2.0994751591820752e-05	-1.3569961552110111e-05	8.7614773291090855e-07	-1.2138660459971081e-07	7.8381472178866072e-09	9.2381983275768230e-05	-2.0994980805425842e-05
2.0858792130782116e-05	9.8753430439490605e-05	8.4869785656220539e-07	1.4551879833191880e-05	7.6530516464864857e-09	1.3122108303847345e-07	-2.0859043759275545e-05	-9.8753422163177119e-05
1.0406032503660637e-04	-2.5774302759769411e-05	1.5575450223160219e-05	-1.3275951700042977e-06	1.4159225914019965e-07	-1.2069303610643792e-08	-1.0406031628965453e-04	2.5774579522945390e-05
-2.6331932033992962e-05	-1.1088094655403297e-04	-1.3829236130450951e-06	-1.6681381429103168e-05	-1.2674832269903090e-08	-1.5288971910162177e-07	2.6332236356096033e-05	1.1088093012097436e-04
-1.1710015939249161e-04	3.1493031483968601e-05	-1.7869361746480211e-05	1.9030323080772478e-06	-1.6513099971886815e-07	1.7586231413185855e-08	1.1710014090874779e-04	-3.1493366202179215e-05
3.2802406928786547e-05	1.2448644436518003e-04	2.0504720364032134e-06	1.9123824117613744e-05	1.9106303727529906e-08	1.7819663130230053e-07	-3.2802775164938432e-05	-1.2448641677186915e-04
1.3166128645894146e-04	-3.8305902371385093e-05	2.0493536876514242e-05	-2.6256739536233408e-06	1.9256409943377385e-07	-2.4671846103292589e-08	-1.3166125453553776e-04	3.8306307353317055e-05
-4.0438238179976130e-05	-1.3973096082769409e-04	-2.8800630609554498e-06	-2.1920612226939348e-05	-2.7291295895319302e-08	-2.0771915329187869e-07	4.0438684143691088e-05	1.3973091770066870e-04
-1.4791991634224846e-04	4.6395093005041154e-05	-2.3495875609432719e-05	3.5298207913062030e-06	-2.2454909342517708e-07	3.3734379782466095e-08	1.4791986622123126e-04	-4.6395583699053771e-05
4.9433695484397936e-05	1.5679624446622483e-04	3.9059017368885567e-06	2.5125466992336075e-05	3.7650214761741281e-08	2.4219317094237734e-07	-4.9434235942307651e-05	-1.5679618048686773e-04
1.6607010223501580e-04	-5.5967739920913332e-05	2.6930817540420562e-05	-4.6499942708671467e-06	2.6185281597942899e-07	-4.5212607411458079e-08	-1.6607002752798937e-04	5.5968334814778045e-05
-6.0013399510880103e-05	-1.7588042703621195e-04	-5.1692498258696244e-06	-2.8793429130931870e-05	-5.0702191619526208e-08	-2.8241914004819333e-07	6.0014055132788327e-05	1.7588033477949642e-04
-1.8632578251857827e-04	6.7266105899267575e-05	-3.0860923876618084e-05	6.0340696209068605e-06	-3.0537675139427369e-07	5.9708522844394303e-08	1.8632567499973491e-04	-6.7266828106926215e-05
7.2436380563411075e-05	1.9720576718381652e-04	6.7189857670931153e-06	3.2993887877475291e-05	6.7079468635839130e-08	3.2939795001145654e-07	-7.2437176545189191e-05	-1.9720563739847170e-04
2.0892221820957758e-04	-8.0566349893523606e-05	3.5357139616770789e-05	-7.7326516662105634e-06	3.5617179176097761e-07	-7.7894993170280249e-08	-2.0892206694310468e-04	8.0567227346502453e-05
-8.7001631345205569e-05	-2.2101448921761161e-04	-8.6141140051468612e-06	-3.7799688751780274e-05	-8.7563209686607255e-08	-3.8423839992983727e-07	8.7002598802690949e-05	2.2101430931695709e-04
-2.3411853134911511e-04	9.6190052799729960e-05	-4.0501162865462664e-05	9.8128802327238193e-06	-4.1547627240853806e-07	1.0066390424072162e-07	2.3411832221603349e-04	-9.6191120364453160e-05
1.0405329545464601e-04	2.4757687618027753e-04	1.0924375255671186e-05	4.3300661797123960e-05	1.1310358316964098e-07	4.4830727506536218e-07	-1.0405447247912274e-04	-2.4757663023287772e-04
2.6219915062895811e-04	-1.1450434961128740e-04	4.6385553570898062e-05	-1.2348220102782249e-05	4.8473460355489980e-07	-1.2903990528656035e-07	-2.6219886496973115e-04	1.1450564978811671e-04
-1.2398803789439070e-04	-2.7718728138790996e-04	-1.3733905876633965e-05	-4.9592917150442380e-05	-1.4487433254107781e-07	-5.2314073975238749e-07	1.2398947163190619e-04	2.7718694805118287e-04
-2.9347685973612678e-04	1.3593520482216645e-04	-5.3117002259583505e-05	1.5433159627308218e-05	-5.6565173304798852e-07	1.6434960478178831e-07	2.9347647338496066e-04	-1.3593679069388956e-04
1.4726176399984878e-04	3.1017257501843992e-04	1.7142114263631142e-05	5.6792979828381321e-05	1.8430366617351601e-07	6.1061261741730280e-07	-1.4726351242164449e-04	-3.1017212697651730e-04
3.2829423823196586e-04	-1.6096934613293171e-04	6.0816373938858483e-05	-1.9173668557124098e-05	6.6021888818979082e-07	-2.0814726648719827e-07	-3.2829371934423550e-04	1.6097128294473157e-04
-1.7439928629911204e-04	-3.4688831727364784e-04	-2.1268793585200883e-05	-6.5027383685362561e-05	-2.3315528037041662e-07	-7.1285338547316751e-07	1.7440142135136561e-04	3.4688771823990786e-04
-3.6702721699185181e-04	1.9016979715333151e-04	-6.9623021243248243e-05	2.3703111082233770e-05	-7.7078970201784742e-07	2.6241354583843384e-07	3.6702652416883513e-04	-1.9017216660800133e-04
2.0600309875324745e-04	3.8772754172342625e-04	2.6255585603001941e-05	7.4447554239782934e-05	2.9357824109519452e-07	8.3244227634496783e-07	-2.0600570931069630e-04	-3.8772674484688249e-04
4.1008647711846929e-04	-2.2418018502556687e-04	7.9694884256869929e-05	-2.9173747056015200e-05	9.0011791349536016e-07	-3.2950253013841153e-07	-4.1008555582937013e-04	2.2418308841247778e-04
-2.4276596387903544e-04	-4.3311705148250777e-04	-3.2272985350750997e-05	-8.5219849382901821e-05	-3.6822626088785088e-07	-9.7233938859555071e-07	2.4276916059558516e-04	4.3311599474090329e-04
-4.5792148172895639e-04	2.6374319177911878e-04	-9.1214035970617623e-05	3.5774333305679328e-05	-1.0514625761077195e-06	4.1238315924745084e-07	4.5792026075922948e-04	-2.6374675654333609e-04
2.8548243110164097e-04	4.8352648895445713e-04	3.9522873632816411e-05	9.7541377565937072e-05	4.6033972034560505e-07	1.1361096178786343e-06	-2.8548635132254560e-04	-4.8352509163069094e-04
5.1102175736129007e-04	-3.0970798392153880e-04	1.0438700168014119e-04	-4.3723231492941998e-05	1.2286449696914200e-06	-5.1462277197822568e-07	-5.1102014274412712e-04	3.0971236957774896e-04
-3.3506516008117255e-04	-5.3946467241408722e-04	-4.8248056542911849e-05	-1.1163068481396453e-04	-5.7392159289657601e-07	-1.3278761468946158e-06	3.3506997543464409e-04	5.3946282761074956e-04
-5.6992132693849432e-04	3.6305244765462571e-04	-1.1945178062999274e-04	5.3288408946576637e-05	-1.4361935247376167e-06	6.4069193779487609e-07	5.6991919528643091e-04	-3.6305785636390559e-04
3.9256008987745733e-04	6.0148884755231529e-04	5.8736593864341236e-05	1.2774475740081768e-04	7.1387289304604830e-07	1.5525877659831244e-06	-3.9256601444300767e-04	-6.0148641500963032e-04
6.3519973869863528e-04	-4.2489472294364173e-04	1.3667860521831320e-04	-6.4783013607172239e-05	1.6794308187640326e-06	-7.9600926166538494e-07	-6.3519692662136469e-04	4.2490141059232212e-04
-4.5916757027939116e-04	-6.7020091178494456e-04	-7.1334830611953097e-05	-1.4617062437082093e-04	-8.8625441167387940e-07	-1.8160061594171854e-06	4.5917487264126087e-04	6.7019770506371139e-04
-7.0748675516766398e-04	4.9652036063932762e-04	-1.5637875482408804e-04	7.8588866215230079e-05	-1.9646736047170638e-06	9.8734303495013750e-07	7.0748304674377060e-04	-4.9652865481670302e-04
5.3626238148198535e-04	7.4625665454345767e-04	8.6454633406904478e-05	1.6724387756370001e-04	1.0985104097355191e-06	2.1250335240664290e-06	-5.3627139832339494e-04	-7.4625242675947898e-04
7.8746290295906522e-04	-5.7939925984269204e-04	1.7890604842709702e-04	-9.5155848849612148e-05	2.2993662363146311e-06	-1.2229583741893811e-06	-7.8745801078443486e-04	5.7940958087517079e-04
-6.2542109082218747e-04	-8.3036160149115013e-04	-1.0459136456373317e-04	-1.9134155398506503e-04	-1.3598632685591021e-06	-2.4877524067973211e-06	6.2543224629221881e-04	8.3035602224516966e-04
-8.7586416252488620e-04	6.7521925633299781e-04	-2.0466785797625475e-04	1.1503061370247477e-04	-2.6923583150077587e-06	1.5131708817027052e-06	8.7585770403072062e-04	-6.7523214959527931e-04
7.2844852247903869e-04	9.2327990193821828e-04	1.2633575299628207e-04	2.1890262012069528e-04	1.6816831861700875e-06	2.9138386486900451e-06	-7.2846235081256599e-04	-9.2327252894428523e-04
9.7348166886259454e-04	-7.8591019754982515e-04	2.3412772051045766e-04	-1.3886195916469669e-04	3.1541091955820091e-06	-1.8706658392974657e-06	-9.7347313154040171e-04	7.8592637447368811e-04
-8.4741323270671695e-04	-1.0258293275434639e-03	-1.5239905390336127e-04	-2.5042262919425359e-04	-2.0780933901339536e-06	-3.4146823123867992e-06	8.4743040957953395e-04	1.0258195630676145e-03
-1.0811659713140685e-03	9.1368599001793007e-04	-2.6781907123077018e-04	1.6743758146528048e-04	-3.6970765144781940e-06	2.3112977962111745e-06	1.0811546675412499e-03	-9.1370638947860445e-04
9.8468258720506925e-04	1.1388892025568185e-03	1.8363228426669220e-04	2.8647677345407192e-04	2.5665833026305215e-06	4.0039234771359516e-06	-9.8470396723461182e-04	-1.1388762360080083e-03
1.1998252863937146e-03	-1.0610781663295665e-03	3.0634947457391280e-04	-2.0169908692230804e-04	4.3360291679805509e-06	-2.8547036035102671e-06	-1.1998102882715296e-03	1.0611040373478403e-03
-1.1429689208584061e-03	-1.2633937325708079e-03	-2.2106211660641973e-04	-3.2771699267152205e-04	-3.1689552550043822e-06	-4.6976980258263771e-06	1.1429955883907855e-03	1.2633764543338790e-03
-1.3304286105101418e-03	1.2309891752486620e-03	-3.5041773344161999e-04	2.4279162071308167e-04	-5.0885964127798844e-06	3.5255134832644224e-06	1.3304086628792055e-03	-1.2310221998412590e-03
1.3253761864873738e-03	1.4003378796065139e-03	2.6592188841304020e-04	3.7489841671791677e-04	3.9123490503214986e-06	5.5153533079999265e-06	-1.3254095170839452e-03	-1.4003147617122492e-03
1.4740015498983627e-03	-1.4267387287704117e-03	4.0082037669005326e-04	-2.9209492196013889e-04	5.9757465018837419e-06	-4.3544783288129989e-06	-1.4739749461953381e-03	1.4267811947724232e-03
-1.5354603574296774e-03	-1.5507675030560185e-03	-3.1970398423380558e-04	-4.2887985868132159e-04	-4.8307566100484930e-06	-6.4798866174067448e-06	1.5355020991916792e-03	1.5507364209088415e-03
-1.6316270887673742e-03	1.6521323012905207e-03	-4.5847297141130401e-04	3.5129450704802243e-04	-7.0225717078102161e-06	5.3803963186398264e-06	1.6315915023130650e-03	-1.6521873596643136e-03
1.7772918348494188e-03	1.7157811006845490e-03	3.8420990813205192e-04	4.9065478440881848e-04	5.9667543025937919e-06	7.6189286107478956e-06	-1.7773442066903273e-03	-1.7157390769106480e-03
1.8044373873803670e-03	-1.9115250760705460e-03	5.2441969185375130e-04	-4.2244057772071442e-04	8.2590214601707800e-06	-6.6521704277446377e-06	-1.8043896323302793e-03	1.9115971141325139e-03
-2.0555352039765156e-03	-1.8965138357047743e-03	-4.6162872732354916e-04	-5.6135650369531999e-04	-7.3739881127156760e-06	-8.9654809184432570e-06	2.0556010216329595e-03	1.8964566553450050e-03
-1.9936101889255916e-03	2.2099116641676689e-03	-5.9985992296793147e-04	5.0805712340824686e-04	-9.7210403649916588e-06	8.2320353283294428e-06	1.9935458921574501e-03	-2.2100068647982495e-03
2.3755335749497380e-03	2.0941310344192816e-03	5.5461854525126601e-04	6.4229528248676106e-04	9.1201510681330336e-06	1.0559305117091711e-05	-2.3756163996714254e-03	-2.0940526761604075e-03
2.2003538988956762e-03	-2.5530152733415782e-03	6.8616209218799848e-04	-6.1125151414001880e-04	1.1451698226793479e-05	-1.0199367065134551e-05	-2.2002670383828422e-03	2.5531424432587548e-03
-2.7434154230258617e-03	-2.3098002253218184e-03	-6.6642732821858483e-04	-7.3497015169712962e-04	-1.1291176403035143e-05	-1.2448129362588665e-05	2.7435197422967187e-03	2.3096919980479199e-03
-2.4258962293199496e-03	2.9474086208796991e-03	-7.8489724384513343e-04	7.3589382732567623e-04	-1.3502871332841561e-05	1.2656390742052811e-05	2.4257784990952633e-03	-2.9475804400184284e-03
3.1662105366004048e-03	2.5446680026158814e-03	8.0102711649027462e-04	8.4111457933093577e-04	1.3996463084264245e-05	1.4689663715605043e-05	-3.1663419626010315e-03	-2.5445172406942961e-03
2.6714580943324011e-03	-3.4006416905006634e-03	8.9785929805171122e-04	-8.8682314815971639e-04	1.5937011448278008e-05	-1.5735445841042498e-05	-2.6712980200272402e-03	3.4008765876651949e-03
-3.6519964646366883e-03	-2.7998079823411013e-03	-9.6330563682253450e-04	-9.6271789407429266e-04	-1.7376170376321139e-05	-1.7353553479584160e-05	3.6521619463423072e-03	2.7995960410704540e-03
-2.9382288902352780e-03	3.9214123254037413e-03	-1.0271090470562628e-03	1.0701633548254007e-03	-1.8829705093844939e-05	1.9609675029768134e-05	2.9380106204207200e-03	-3.9217373222064913e-03
4.2100623947086066e-03	3.0761636430595143e-03	1.1592907541004204e-03	1.1020834439449236e-03	2.1610620722386321e-05	2.0524385551065360e-05	-4.2102703973107957e-03	-3.0758628168311309e-03
3.2273221069863381e-03	-4.5197587637306399e-03	1.1750061484860730e-03	-1.2937219567953260e-03	2.2272535916114416e-05	-2.4507440339378775e-05	-3.2270237586046469e-03	4.5202137776765494e-03
-4.8511171192875792e-03	-3.3744471612592850e-03	-1.3964629339320324e-03	-1.2618647866284940e-03	-2.6933410656502751e-05	-2.4304858452334307e-05	4.8513777148573257e-03	3.3740158941496239e-03
-3.5397287459466497e-03	5.2073179643063253e-03	-1.3442726546816978e-03	1.5675818893474442e-03	-2.6377185583227397e-05	3.0733527414685627e-05	3.5393201869748556e-03	-5.2079623516921494e-03
5.5875305159337457e-03	3.6950123999387602e-03	1.6841362749202868e-03	1.4451434287251306e-03	3.3648811935568943e-05	2.8820408561454923e-05	-5.5878552391374590e-03	-3.6943878226448818e-03
3.8762447928381558e-03	-5.9976391695905082e-03	1.5380520370071361e-03	-1.9048967397921491e-03	3.1280363295036759e-05	-3.8699060613741385e-05	-3.8756847034350670e-03	5.9985616592393995e-03
-6.4336440684018611e-03	-4.0376536166207982e-03	-2.0339800795977645e-03	-1.6554896467696782e-03	-4.2156143116097878e-05	-3.4224433173118058e-05	6.4340453159787434e-03	4.0367398328267660e-03
-4.2373926666941777e-03	6.9066143527986394e-03	-1.7600188785106680e-03	2.3230572347838398e-03	-3.7150962090949017e-05	4.8965943809567930e-05	4.2366247702824321e-03	-6.9079481531691125e-03
7.4061469834647547e-03	4.4013367799677029e-03	2.4606727311948448e-03	1.8970740067238150e-03	5.2982939845832658e-05	4.0705687392092747e-05	-7.4066365192931262e-03	-4.3999864248716134e-03
4.6233121529900322e-03	-7.9530404458692874e-03	2.0145103973898256e-03	-2.8453207346840867e-03	4.4199440376011632e-05	-6.2311782676751650e-05	-4.6222605548849076e-03	7.9549861759535927e-03
-8.5245693189299355e-03	-4.7837982527091562e-03	-2.9827848477223182e-03	-2.1747734103120375e-03	-6.6831780427134346e-05	-4.8497150694390912e-05	8.5251551814254575e-03	4.7817833155337731e-03
-5.0336479744396111e-03	9.1594159165263433e-03	-2.3067602845636241e-03	3.5031942537620728e-03	-5.2691935477786740e-05	7.9827704816237972e-05	5.0322118126120089e-03	-9.1622763886878723e-03
9.8119047762902471e-03	5.1809979557062109e-03	3.6239026005000551e-03	2.4943467948947487e-03	8.4645380436577464e-05	5.7888461600451973e-05	-9.8125853327332875e-03	-5.1779634903241474e-03
5.4674171750274695e-03	-1.0553046572381276e-02	2.6432341978810054e-03	-4.3398369168964101e-03	6.2970549991448138e-05	-1.0306510218398753e-04	-5.4654652462876744e-03	1.0557279399485989e-02
-1.1295442792707659e-02	-5.5863356311123000e-03	-4.4141214171547673e-03	-2.8626312430748433e-03	-1.0769933217173582e-04	-6.9241694249328690e-05	1.1296195898709603e-02	5.5817260712376186e-03
-5.9229066537957410e-03	1.2167655316507370e-02	-3.0322078577163800e-03	5.4150275895181914e-03	-7.5485310563636399e-05	1.3425992546724802e-04	5.9202737831698044e-03	-1.2173952259430390e-02
1.3007853182030980e-02	5.9895894616344911e-03	5.3919432297780054e-03	3.2878480947449531e-03	1.3773322997638558e-04	8.3013660670922009e-05	-1.3008616975603286e-02	-5.9825310812323552e-03
6.3976184494064815e-03	-1.4045704867738474e-02	3.4846692764120306e-03	-6.8123230340375231e-03	9.0843827345577421e-05	-1.7667581401018459e-04	-6.3941073895138808e-03	1.4055110985215478e-02
-1.4988647843640289e-02	-6.3754560700587130e-03	-6.6067348280410016e-03	-3.7799858521474082e-03	-1.7713906156544858e-04	-9.9785822483306567e-05	1.4989287537162044e-02	6.3645690784004368e-03
-6.8883817665949011e-03	1.6241825639603014e-02	-4.0158320784877298e-03	8.6494621644752200e-03	-1.0989269221882624e-04	2.3513509593732726e-04	6.8837784876997600e-03	-1.6255917311326196e-02
1.7286107268082482e-02	6.7216317547577611e-03	8.1217729201168900e-03	4.3513760448217953e-03	2.2923084173204737e-04	1.2030747046543844e-04	-1.7286358616641892e-02	-6.7047294910087107e-03
7.3917560556430182e-03	-1.8827836471233532e-02	4.6475519551066897e-03	-1.1093340148445338e-02	1.3385061744484943e-04	-3.1684257645390800e-04	-7.3858737765533063e-03	1.8848985593537055e-02
-1.9959845505299625e-02	-6.9963165267970372e-03	-1.0017987672844567e-02	-5.0174585301921747e-03	-2.9863421929872831e-04	-1.4555668432026964e-04	1.9959219909242869e-02	6.9699233466267822e-03
-7.9050261376408595e-03	2.1900138504685324e-02	-5.4122715988982207e-03	1.4381551142154796e-02	-1.6453214042338749e-04	4.3267264972803336e-04	7.8978076965801371e-03	-2.1931901383687755e-02
2.3084122045580330e-02	7.1551376246820350e-03	1.2398263594170435e-02	5.7978920909487553e-03	3.9184774015033243e-04	1.7683062677567403e-04	-2.3081748857598103e-02	-7.1137157582214505e-03
8.4281886119911501e-03	-2.5590483912311248e-02	6.3592711605725142e-03	-1.8853038331500632e-02	2.0472342389656458e-04	-5.9918531177363037e-04	-8.4199229979872465e-03	2.5638167663335657e-02
-2.6752041679867351e-02	-7.1375278739751547e-03	-1.5392053330460365e-02	-6.7180409560257956e-03	-5.1805453930360134e-04	-2.1587833413015312e-04	2.6746408623450825e-02	7.0722372978670603e-03
-8.9676527492049633e-03	3.0081548528743885e-02	-7.5645681226731466e-03	2.4991336206837276e-02	-2.5882088607757638e-04	8.4179737314307224e-04	8.9594106332726783e-03	-3.0153024906989987e-02
3.1080573375667647e-02	6.8628854591122187e-03	1.9159414385150540e-02	7.8110133406884630e-03	6.9029055648471560e-04	2.6510156976344103e-04	-3.1069102459784545e-02	-6.7595954677369492e-03
9.5426473957674757e-03	-3.5629049432590841e-02	9.1462166954578306e-03	-3.3484569869476247e-02	3.3391535326689751e-04	-1.1997798158149486e-03	-9.5371313682524727e-03	3.5735903147129815e-02
-3.6216088102937034e-02	-6.2271624645139625e-03	-2.3892823957527610e-02	-9.1202398432608887e-03	-9.2712181360124696e-04	-3.2785757247098270e-04	3.6194447758117892e-02	6.0632663205904078e-03
-1.0195856158862607e-02	4.2592535471801987e-02	-1.1287633871522058e-02	4.5307108219201947e-02	-4.4163922500239347e-04	1.7341512892197267e-03	1.0199031943376810e-02	-4.2751644471617424e-02
4.2339392498997319e-02	5.1012609457100769e-03	2.9813304715902638e-02	1.0702592031806098e-02	1.2550284323845028e-03	4.0892081325723283e-04	-4.2300388820015355e-02	-4.8405817025410228e-03
1.1010212273874784e-02	-5.1476915993923116e-02	1.4272175673102048e-02	-6.1827373991469883e-02	6.0130704284788467e-04	-2.5401573799465498e-03	-1.1034408991990019e-02	5.1712547910787832e-02
-4.9668136725436920e-02	-3.3335597108800062e-03	-3.7154702479930066e-02	-1.2631556466053861e-02	-1.7117517659954314e-03	-5.1518207044365632e-04	4.9599937088309662e-02	2.9182243504255667e-03
-1.2134262911438770e-02	6.2986119136374932e-02	-1.8532961599286746e-02	8.4944213693317089e-02	-8.4525386935464276e-04	3.7670172004947147e-03	1.2204047308481389e-02	-6.3332554876343927e-02
5.8452297319694521e-02	7.6044101798781018e-04	4.6124885863419535e-02	1.4999427783194130e-02	2.3508863577263819e-03	6.5670311889116321e-04	-5.8335599961553103e-02	-9.7968633612990954e-05
1.3818270394398357e-02	-7.8087807888996677e-02	2.4721523915512827e-02	-1.1724755760589504e-01	1.2278840050489583e-03	-5.6491693743985806e-03	-1.3981601216283781e-02	7.8592292379031495e-02
-6.8955124949391822e-02	2.7694895594974271e-03	-5.6824797269080532e-02	-1.7915943944450320e-02	-3.2479614096025018e-03	-8.4827879473056841e-04	6.8758672530117040e-02	-3.8265890393091367e-03
-1.6461743875641158e-02	9.8082610213445429e-02	-3.3796712684025031e-02	1.6218442505013134e-01	-1.8409797136139513e-03	8.5557113870335169e-03	1.6811308456078672e-02	-9.8807920580639350e-02
8.1406648216173466e-02	-7.3496720793443755e-03	6.9093213186495889e-02	2.1498414265652188e-02	4.5079938038361730e-03	1.1116953637042213e-03	-8.1080147701811128e-02	9.0358653172980877e-03
2.0668101454929942e-02	-1.2466003344528986e-01	4.7127950179855840e-02	-2.2418116118909098e-01	2.8395334913170708e-03	-1.3068622582227128e-02	-2.1382654986035594e-02	1.2568480709802818e-01
-9.5909927137937293e-02	1.2939371887235960e-02	-8.2225657157747115e-02	-2.5843876350005863e-02	-6.2737573384363090e-03	-1.4788517683973577e-03	9.5372910457333218e-02	-1.5625564540779208e-02
-2.7290475271888583e-02	1.5990293938713770e-01	-6.6590570243895184e-02	3.0861727808295480e-01	-4.4853053879283268e-03	2.0106736104991963e-02	2.8716502173562600e-02	-1.6131539072646470e-01
1.1227278959848225e-01	-1.9249761648698266e-02	9.4487549175179972e-02	3.0967098660079143e-02	8.7321836329465330e-03	1.9957754537496156e-03	-1.1139708065372239e-01	2.3518305083877207e-02
3.7427036178408764e-02	-2.0616934366597747e-01	9.4597042589511016e-02	-4.2145158133541666e-01	7.2204748012194451e-03	-3.1123552302489952e-02	-4.0244652982967054e-02	2.0804446290372156e-01
-1.2973618821672561e-01	2.5594937788487260e-02	-1.0230553671759797e-01	-3.6678483423909489e-02	-1.2112386893642064e-02	-2.7271440188129390e-03	1.2831806828566392e-01	-3.2349448159027676e-02
-5.2272564278890196e-02	2.6573620537218096e-01	-1.3394757837816298e-01	5.6815975625289161e-01	-1.1793878185541411e-02	4.8429505741726657e-02	5.7846591123248643e-02	-2.6807384878168172e-01
1.4659068531068931e-01	-3.0737101267738886e-02	9.8977916433493712e-02	4.2365673326587673e-02	1.6661128217890727e-02	3.7601380149723299e-03	-1.4430540404675185e-01	4.1351973637643528e-02
7.2628917958105346e-02	-3.4005647878718603e-01	1.8728937341494181e-01	-7.5147270596797899e-01	1.9485842950676124e-02	-7.5745784353189946e-02	-8.3798534867501565e-02	3.4262603163829364e-01
-1.5975283040726523e-01	3.2815253376013542e-02	-7.2674824048030717e-02	-4.6636735091964435e-02	-2.2568188885690729e-02	-5.2057643452311465e-03	1.5607431386532750e-01	-4.9299813621820704e-02
-9.7643357749854748e-02	4.2854036600014922e-01	-2.5585519489773367e-01	9.6728414858872969e-01	-3.2546477249994425e-02	1.1927248899666439e-01	1.2067590314970378e-01	-4.3048543530890632e-01
1.6457602956131617e-01	-2.9586282477228196e-02	3.1670450278783722e-03	4.6780364321789669e-02	2.9788202046240383e-02	7.1988234867899339e-03	-1.5860837823290838e-01	5.4578335037446642e-02
1.2158383182599812e-01	-5.2715581487935315e-01	3.3699987109871116e-01	-1.1980192917754682e+00	5.5210051933304957e-02	-1.9018822861492687e-01	-1.7181899058532132e-01	5.2587874222916020e-01
-1.5555834360947807e-01	1.9758879015590730e-02	1.4545162007663964e-01	-3.7885600396451398e-02	-3.7568264403599512e-02	-9.9172531421197804e-03	1.4555674545504738e-01	-5.5133124069140976e-02
-1.2323981464449955e-01	6.2855116851956683e-01	-4.1927043351174365e-01	1.4009308763965334e+00	-9.6702601706412761e-02	3.1197705129645847e-01	2.4624466555019095e-01	-6.1579074030593661e-01
1.2928035438304505e-01	-1.1284356268488066e-02	-4.5339005563947887e-01	1.0230949564688237e-02	4.1516103117135057e-02	1.3644624301376290e-02	-1.1065257854083620e-01	4.4448377235594312e-02
1.7858258807193891e-03	-7.3198990445676315e-01	4.6446932784285111e-01	-1.4655164030668961e+00	1.8268632691743997e-01	-5.4250499069893865e-01	-4.0010698085114144e-01	6.7397684540528247e-01
-8.9821093379941999e-02	1.4674046171483035e-01	1.2276942593811575e+00	6.9033348631579186e-02	4.1078342357070308e-02	-1.5642529613115796e-02	5.0065436955885077e-02	7.0479276332971449e-02
1.3618104550265371e+00	8.8462146485085846e-01	-1.7436591179303720e-01	1.2174237256565319e+00	-3.8389656976337377e-01	4.9839027775589684e-01	1.3642719802017511e+00	-6.4035146130355158e-01
-5.0798273266880154e-13	5.8031563207923675e-14	-9.1004853358526964e-14	2.7689937691904760e-12	-2.4854592705980996e+00	-2.0488026220620309e-01	-4.1802481051021433e-13	-5.6177187774640252e-13
-1.3441795673147818e+00	-9.1118831330502204e-01	1.9823482412753451e-01	-1.2137656089580344e+00	-3.9360781148583313e-01	4.9075690109908265e-01	-1.3765814674504411e+00	6.1344233097418355e-01
9.5512848062550879e-02	-1.4310097056003487e-01	-1.2240375150514684e+00	-1.1717917685401588e-01	4.1660795274510054e-02	-1.4017741636385996e-02	-4.7259834915204899e-02	-7.2390499195153724e-02
-4.4875562502296136e-02	7.3061521561659015e-01	-5.4993988538391025e-01	1.4356309437420047e+00	2.1430718239962840e-01	-5.3080918468670002e-01	4.3909059790981292e-01	-6.4925328731977716e-01
-1.2976718658413516e-01	1.1063506644123432e-03	4.5279511646068471e-01	2.5373162817262127e-02	4.0317577942262366e-02	1.6859878386556448e-02	1.1379885305411352e-01	-3.5629656470844852e-02
1.8425516934109507e-01	-6.1344490863636159e-01	5.5456677007984467e-01	-1.3530893223958866e+00	-1.2681605066408966e-01	3.0099628404081147e-01	-3.0541697758619607e-01	5.8868934163992981e-01
1.5680249147082256e-01	-1.3379966349864876e-03	-1.4889639078294631e-01	2.0526989845354816e-02	-3.6142210237488787e-02	-1.4264187299804056e-02	-1.5102801652520520e-01	3.7642605403769146e-02
-1.9266406872825972e-01	5.0552590234682393e-01	-4.9796516859001339e-01	1.1405480382070432e+00	8.0747519292234546e-02	-1.8083016967947640e-01	2.4225050209328342e-01	-4.9737803659762669e-01
-1.6717813981095561e-01	3.4766631018659363e-03	4.1900078189594948e-03	-4.6699855403007681e-02	2.8295315747284194e-02	1.1770095475349317e-02	1.6519357854568559e-01	-2.9094568366251496e-02
1.7145851771089729e-01	-4.0470118273671879e-01	4.2191560640235432e-01	-9.0724182329812908e-01	-5.3007276766708945e-02	1.1169345738502101e-01	-1.9447430328195192e-01	4.0256692484230661e-01
1.6308516291433178e-01	-1.0184863570819867e-03	6.2180022015295829e-02	5.9918778129384259e-02	-2.1118953221992885e-02	-9.5085722799757265e-03	-1.6269330620293643e-01	1.7903943376805422e-02
-1.4381866502180649e-01	3.1659052430573781e-01	-3.4398534905302602e-01	6.9387507293880990e-01	3.5266121455948901e-02	-6.9809903310574115e-02	1.5527944442161318e-01	-3.1670662472102490e-01
-1.4971580679589735e-01	-4.3330831570237063e-03	-8.6353078698825914e-02	-6.4301042115025395e-02	1.5322993131912592e-02	7.5457082413129244e-03	1.4997166077787608e-01	-6.5219877605101747e-03
1.1767503931596608e-01	-2.4392772893591738e-01	2.7306310811527373e-01	-5.1593022916390696e-01	-2.3639788106513002e-02	4.3882490896963965e-02	-1.2365869790232693e-01	2.4478223574894739e-01
1.3181277513428294e-01	1.0581667391916637e-02	8.8508475491098623e-02	6.3071259346346623e-02	-1.0917372992425534e-02	-5.9125457887794115e-03	-1.3228134551431278e-01	-3.6958184040559606e-03
-9.5663241951801717e-02	1.8642726582772901e-01	-2.1286466196110904e-01	3.7584394576069724e-01	1.5944253915553812e-02	-2.7687389392230855e-02	9.8903851505465920e-02	-1.8740373207589084e-01
-1.1272627163737049e-01	-1.6386588738556543e-02	-8.0293639599371205e-02	-5.8649719423043971e-02	7.6880716134360158e-03	4.5964883909081471e-03	1.1321247540177699e-01	1.2056353743381749e-02
7.8173234791630991e-02	-1.4213608066710534e-01	1.6402750763818671e-01	-2.6976638989083224e-01	-1.0825317211236130e-02	1.7527444437077148e-02	-7.9983315316685233e-02	1.4300336378298270e-01
9.4460399987803478e-02	2.1056455128515891e-02	6.8198392710200964e-02	5.2706203349680777e-02	-5.3741289566704752e-03	-3.5589003430058393e-03	-9.4886312686802532e-02	-1.8350421821249786e-02
-6.4681349452656051e-02	1.0855237164292682e-01	-1.2559367093406321e-01	1.9158409783054278e-01	7.4073434001337190e-03	-1.1134770334293996e-02	6.5720252137983742e-02	-1.0924622249042969e-01
-7.8022533835338650e-02	-2.4362763951854362e-02	-5.5606718536865905e-02	-4.6302772896651904e-02	3.7394158105260571e-03	2.7522071348364697e-03	7.8366164908695926e-02	2.2679978193943930e-02
5.4388543082720238e-02	-8.3265081631143059e-02	9.5959360237548613e-02	-1.3504742389207347e-01	-5.1153747976279279e-03	7.1008692653741498e-03	-5.4999477224842754e-02	8.3789514657032244e-02
6.3780599795129761e-02	2.6353641474679050e-02	4.4104367354399619e-02	4.0060496905953397e-02	-2.5944738054179085e-03	-2.1301492682050359e-03	-6.4044757862352780e-02	-2.5311397079741147e-02
-4.6511206022579840e-02	6.4228950263278003e-02	-7.3411066307696490e-02	9.4704587284977312e-02	3.5701362436723950e-03	-4.5469705246580713e-03	4.6878324342531898e-02	-6.4611580237558960e-02
-5.1736145267864624e-02	-2.7214345579339504e-02	-3.4287976516657909e-02	-3.4304847997394833e-02	1.7965181052340157e-03	1.6524068357575874e-03	5.1932923329250993e-02	2.6571098870825437e-02
4.0392915514987991e-02	-4.9828745884890703e-02	5.6387038073016559e-02	-6.6177730717875791e-02	-2.5212069770354627e-03	2.9237626564796049e-03	-4.0617768536000874e-02	5.0101378793651362e-02
4.1706402887156366e-02	2.7177424166676605e-02	2.6245282755239692e-02	2.9175559432879725e-02	-1.2417676780741244e-03	-1.2858925724103074e-03	-4.1849840655541627e-02	-2.6781721931721077e-02
-3.5528570856651995e-02	3.8843510493300266e-02	-4.3576564251267567e-02	4.6123770673911310e-02	1.8032175711048823e-03	-1.8874257775953606e-03	3.5668595213563553e-02	-3.9034563001486153e-02
-3.3434865056626357e-02	-2.6471811782813416e-02	-1.9827932057551609e-02	-2.4702868752471779e-02	8.5642711084844413e-04	1.0044128640201843e-03	3.3537813483775672e-02	2.6229166823787155e-02
3.1550393912266939e-02	-3.0375190611893560e-02	3.3933438115709209e-02	-3.2072831356946239e-02	-1.3069035841252593e-03	1.2224274705530040e-03	-3.1638850372036086e-02	3.0507482766439973e-02
2.6652950632601896e-02	2.5298276866505275e-02	1.4799223297867281e-02	2.0857344060132014e-02	-5.8872570697760017e-04	-7.8768489069179699e-04	-2.6726013162355889e-02	-2.5149979471845153e-02
-2.8201063198440044e-02	2.3773752696343402e-02	-2.6649643284507613e-02	2.2241092868663711e-02	9.5996429144198220e-04	-7.9337231407457752e-04	2.8257635508983626e-02	-2.3864569636117949e-02
-2.1110809194793943e-02	-2.3820893629867577e-02	-1.0909093392743806e-02	-1.7580863754037682e-02	4.0263399818635151e-04	6.2021428407150320e-04	2.1162241362543199e-02	2.3730587836309235e-02
2.5305992110484819e-02	-1.8572159837275257e-02	2.1115055866066799e-02	-1.5360468484346867e-02	-7.1443504457851376e-04	5.1496954820518610e-04	-2.5342560494021428e-02	1.8634124007952717e-02
1.6590030947018063e-02	2.2167248619748930e-02	7.9285415743393546e-03	1.4804918389447220e-02	-2.7318803038771497e-04	-4.9025734149751843e-04	-1.6626028213057226e-02	-2.2112487433760424e-02
-2.2749509032433935e-02	1.4434925317717616e-02	-1.6876023986469309e-02	1.0539316791465582e-02	5.3837248447908919e-04	-3.3330134427167262e-04	2.2773369877819531e-02	-1.4477029005728543e-02
-1.2906413948213950e-02	-2.0432747344407472e-02	-5.6622838971946855e-03	-1.2460779827771114e-02	1.8312105377284713e-04	3.8894781358396929e-04	1.2931510712245809e-02	2.0399708647740964e-02
2.0456293254278075e-02	-1.1119603008016796e-02	1.3598698494535474e-02	-7.1552146277628070e-03	-4.1039300740219962e-04	2.1413553308649358e-04	-2.0471995979290766e-02	1.1148140891628824e-02
9.9078589650311560e-03	1.8686310718478608e-02	3.9505792564442175e-03	1.0484650239943275e-02	-1.2048984348505877e-04	-3.0959868039679588e-04	-9.9253152861413924e-03	-1.8666504957114045e-02
-1.8377709460941295e-02	8.4489809292364899e-03	-1.1038858408005841e-02	4.7755146186032804e-03	3.1608628466228196e-04	-1.3562693940569594e-04	1.8388127388300399e-02	-8.4683032834163337e-03
-7.4702122751604053e-03	-1.6976035064005347e-02	-2.6660731982849459e-03	-8.8198482158568514e-03	7.7020454452602616e-05	2.4716091083935073e-04	7.4823417107454659e-03	1.6964261088961728e-02
1.6482228780144225e-02	-6.2914893235737658e-03	9.0183183745106577e-03	-3.1000059214895798e-03	-2.4566321583046615e-04	8.3752621048126859e-05	-1.6489196337961365e-02	6.3045743733104965e-03
5.4926644306350020e-03	1.5334165831051055e-02	1.7089278302332169e-03	7.4173313126447054e-03	-4.6967151481533161e-05	-1.9781189090306895e-04	-5.5010932181092185e-03	-1.5327245474349004e-02
-1.4748914997128725e-02	4.5476206375570580e-03	-7.4069682553907328e-03	1.9202828827248682e-03	1.9240987591137828e-04	-4.9450822791393262e-05	1.4753613918173144e-02	-4.5564932205279162e-03
-3.8934053039135202e-03	-1.3781176345420797e-02	-1.0016877020552080e-03	-6.2353523264403760e-03	2.6326494597667755e-05	1.5864622964331977e-04	3.8992685827236380e-03	1.3777173087232997e-02
1.3163176956467647e-02	-3.1406100591381595e-03	6.1094852330665587e-03	-1.0913287655761371e-03	-1.5167169992854796e-04	2.6822660908016992e-05	-1.3166374283728599e-02	3.1466400339553191e-03
2.6058963350447098e-03	1.2328969054938519e-02	4.8468307882419182e-04	5.2387219655488969e-03	-1.2299330075461501e-05	-1.2744522294887809e-04	-2.6099825438270791e-03	-1.2326706731205086e-02
-1.1714054115506654e-02	2.0100693280367525e-03	-5.0555813139514369e-03	5.1182913958015093e-04	1.2018218426999872e-04	-1.1997834743874814e-05	1.1716250937792157e-02	-2.0141803890856738e-03
-1.5757775304147991e-03	-1.0983311901727058e-02	-1.1210755738359482e-04	-4.3979390499084463e-03	2.9205570821577912e-06	1.0250553527512173e-04	1.5786324855183371e-03	1.0982078869454780e-02
1.0392577347573626e-02	-1.1076316793628951e-03	4.1930033805797334e-03	-1.1061482932222235e-04	-9.5619378571805123e-05	2.4159805783495395e-06	-1.0394102903022331e-02	1.1104454921414724e-03
7.5841408439666306e-04	9.7456562566328505e-03	-1.5111153142202856e-04	3.6883343312524093e-03	3.1941592608114219e-06	-8.2512167873260579e-05	-7.6041493119159633e-04	-9.7450239443789988e-03
-9.1907924844055675e-03	3.9395571593840023e-04	-3.4824779153367412e-03	-1.6263392513496381e-04	7.6309669392010765e-05	3.6308603950984933e-06	9.1918642549765235e-03	-3.9589040763987469e-04
-1.1694465348807425e-04	-8.6144705315733851e-03	3.3182352259963736e-04	-3.0892868476223695e-03	-7.0237939644292747e-06	6.6444045776251485e-05	1.1835180224668815e-04	8.6141823708829925e-03
8.1012425386545826e-03	1.6336388787881884e-04	2.8941478802458893e-03	3.4375778690677892e-04	-6.1030261375598340e-05	-7.2914219364646333e-06	-8.1020049616159009e-03	-1.6202695124773689e-04
-3.7922150638710500e-04	7.5862120834891576e-03	-4.5056223488431355e-04	2.5835469044084556e-03	9.2622943017892583e-06	-5.3503851569221964e-05	3.7822817558656139e-04	-7.5861156762261645e-03
-7.1166946660309975e-03	-5.9127517541576204e-04	-2.4050016525238305e-03	-4.5847868997757303e-04	4.8874985649479244e-05	9.3442066549497552e-06	7.1172442049520380e-03	5.9034636205100306e-04
7.5559438406335550e-04	-6.6560266697965531e-03	5.2305035430135925e-04	-2.1566577959805859e-03	-1.0402931111705775e-05	4.3065502651398621e-05	-7.5489046037026755e-04	6.6560324481319422e-03
6.2300457371059614e-03	9.1234318641930190e-04	1.9970821235393188e-03	5.2539979231732445e-04	-3.9163686085736581e-05	-1.0320432104263401e-05	-6.2304472246400011e-03	-9.1169436957602918e-04
-1.0335137350063997e-03	5.8182540601671761e-03	-5.6131108686677516e-04	1.7964802613290708e-03	1.0796356657660040e-05	-3.4634858696088296e-05	1.0330129818520973e-03	-5.8183101640801697e-03
-5.4342941168278253e-03	-1.1455455976836777e-03	-1.6561748195687771e-03	-5.5806891822974538e-04	3.1379114477008546e-05	1.0584501062403605e-05	5.4345914323599490e-03	1.1450899081817782e-03
1.2308835008040778e-03	-5.0667873385090156e-03	5.7455097209176186e-04	-1.4927940750270967e-03	-1.0692033214433486e-05	2.7819952480275802e-05	-1.2305259744593484e-03	5.0668643866420898e-03
4.7225754751459492e-03	1.3068835138554445e-03	1.3709030464561017e-03	5.6641631135374501e-04	-2.5123694281199483e-05	-1.0387354540066980e-05	-4.7227985641144984e-03	-1.3065618059971938e-03
-1.3627373224814388e-03	4.3953327411726138e-03	-5.6979707507641886e-04	1.2369780866100057e-03	1.0266764568060777e-05	-2.2308533358903423e-05	1.3624812049766574e-03	-4.3954146381860824e-03
-4.0881971261856895e-03	-1.4098569127223731e-03	-1.1320416755703491e-03	-5.5775286639668010e-04	2.0088390296649978e-05	9.9019778325113990e-06	4.0883666132747951e-03	1.4096287141516194e-03
1.4417102221192224e-03	-3.7975908206487829e-03	5.5241650967482602e-04	-1.0217407580988297e-03	-9.6455554447099527e-06	1.7850783151062314e-05	-1.4415262261437730e-03	3.7976692262069469e-03
3.5246946991825392e-03	1.4658503918850965e-03	9.3205012929207685e-04	5.3748112987706020e-04	-1.6031087453239498e-05	-9.2474859246091829e-06	-3.5248249445675992e-03	-1.4656878546217774e-03
-1.4784054054279296e-03	3.2673877519179295e-03	-5.2648053736561594e-04	8.4090710037778421e-04	8.9158852866917479e-06	-1.4246177689070498e-05	1.4782729250518839e-03	-3.2674587772864323e-03
-3.0258660871896794e-03	-1.4844455829311613e-03	-7.6469655902950339e-04	-5.0959395884949505e-04	1.2760355659935640e-05	8.5053985350188450e-06	3.0259672051383938e-03	1.4843294274450801e-03
1.4817127274797787e-03	-2.7987625744688494e-03	4.9507548460791704e-04	-6.8923524662231964e-04	-8.1384936916147470e-06	1.1333181393233690e-05	-1.4816171992187842e-03	2.7988248183647385e-03
2.5858152254218179e-03	1.4736861160969288e-03	6.2480833595719395e-04	4.7704141449719730e-04	-1.0124079170246749e-05	-7.7309800401281042e-06	-2.5858944347637563e-03	-1.4736029108414483e-03
-1.4590578292756082e-03	2.3860301663251341e-03	-4.6051089882010176e-04	5.6227388184775580e-04	7.3546180011060971e-06	-8.9813775582611608e-06	1.4589889072328087e-03	-2.3860835639789050e-03
-2.1989694505350492e-03	-1.4402971072166380e-03	-5.0805275910132070e-04	-4.4198919542765160e-04	8.0004785534046839e-06	6.9609733371090818e-06	2.1990319715571084e-03	1.4402374318534133e-03
1.4166272907565479e-03	-2.0238177217256296e-03	4.2451033837836576e-04	-4.5623496532581448e-04	-6.5917209393916246e-06	7.0851566772601355e-06	-1.4165775916044005e-03	2.0238628748158092e-03
1.8601046521998438e-03	1.3898772537995366e-03	4.1079802355916361e-04	4.0601758586712185e-04	-6.2918346270164604e-06	-6.2191635259953173e-06	-1.8601543155535715e-03	-1.3898344592722855e-03
-1.3595442770430143e-03	1.7070904242389691e-03	-3.8832988521890857e-04	3.6789736472198358e-04	5.8671764448125663e-06	-5.5589010216187885e-06	1.3595085041249993e-03	-1.7071282233515239e-03
-1.5643460085877547e-03	-1.3270589793536812e-03	-3.2997567218345596e-04	-3.7026000806026141e-04	4.9192359091182238e-06	5.5201581356652118e-06	1.5643856624855330e-03	1.3270283413586027e-03
1.2920332881705676e-03	-1.4311597377720800e-03	3.5287873911912489e-04	-2.9451633074899594e-04	-5.1913919457297738e-06	4.3330182170784075e-06	-1.2920076264526421e-03	1.4311911518122957e-03
1.3071775616657760e-03	1.2556518066485240e-03	2.6299989898290817e-04	3.3551663465676817e-04	-3.8189686287378168e-06	-4.8722209909169223e-06	-1.3072093546477039e-03	-1.2556299494304373e-03
-1.2175469525417422e-03	1.1916883384104579e-03	-3.1878547678361273e-04	2.3375779448458472e-04	4.5696636711633483e-06	-3.3509428643890643e-06	1.2175286406633336e-03	-1.1917143070428089e-03
-1.0844306340958333e-03	-1.1787611262576130e-03	-2.0767497887344270e-04	-3.0233032494923941e-04	2.9392855952571142e-06	4.2791449844682364e-06	1.0844562056592524e-03	1.1787456230827574e-03
1.1388892025594442e-03	-9.8468258720546564e-04	2.8647677345959750e-04	-1.8363228427078004e-04	-4.0039234771857783e-06	2.5665833028310095e-06	-1.1388762360106204e-03	9.8470396723496505e-04
8.9228258816939480e-04	1.0988965960206285e-03	1.6214702899904767e-04	2.7105486453236178e-04	-2.2382650081964565e-06	-3.7417431778122389e-06	-8.9230320563275312e-04	-1.0988856949434498e-03
-1.0583077376971621e-03	8.0648603741861132e-04	-2.5621272120753219e-04	1.4245001347624461e-04	3.4936352798348942e-06	-1.9424314571373899e-06	1.0582986551100719e-03	-8.0650358440027034e-04
-7.2723747472457729e-04	-1.0180604370970371e-03	-1.2483783133396584e-04	-2.4189656690412362e-04	1.6817364325658993e-06	3.2587663417402126e-06	7.2725412619018416e-04	1.0180528669304374e-03
9.7758715048808643e-04	-6.5376325258619027e-04	2.2814000534196609e-04	-1.0877140040533902e-04	-3.0367995985881177e-06	1.4478819726988312e-06	-9.7758088518109512e-04	6.5377761677013434e-04
5.8611819053309240e-04	9.3782969778916504e-04	9.4415751701441161e-05	2.1495729810051993e-04	-1.2419872876320537e-06	-2.8277105562546628e-06	-5.8613165475399174e-04	-9.3782453415496079e-04
-8.9811628163858107e-04	5.2348741602701676e-04	-2.0230865855997644e-04	8.1376596740379294e-05	2.6303432335359398e-06	-1.0580333744624429e-06	8.9811205225033531e-04	-5.2349914994244406e-04
-4.6604300635347208e-04	-8.5942145776483848e-04	-6.9746129797559791e-05	-1.9025637206577652e-04	8.9638351783300485e-07	2.4452420866125212e-06	4.6605390033981065e-04	8.5941802583560203e-04
8.2095891555120949e-04	-4.1291984115765648e-04	1.7870931223947295e-04	-5.9227526889852570e-05	-2.2707157234694770e-06	7.5255744106495895e-07	-8.2095615036309379e-04	4.1292940835808495e-04
3.6441429495080399e-04	7.8375519066871944e-04	4.9874164500548671e-05	1.6775903125817283e-04	-6.2658440436476715e-07	-2.1076481264636453e-06	-3.6442311188643870e-04	-7.8375299808317760e-04
-7.4690233833322594e-04	3.1959508247425122e-04	-1.5727873189232618e-04	4.1447677668404375e-05	1.9540117690586220e-06	-5.1494005539966314e-07	7.4690061784841262e-04	-3.1960287012360549e-04
-2.7889355050095645e-04	-7.1150026079740570e-04	-3.3986361255202391e-05	-1.4738659106163304e-04	4.1759729164537992e-07	1.8110027943566952e-06	2.7890068542163373e-04	7.1149894728054185e-04
6.7651099582987588e-04	-2.4129884046813767e-04	1.3792694511727401e-04	-2.7292275728735162e-05	-1.6763399597800673e-06	3.3170411230491595e-07	-6.7651001356095755e-04	2.4130516920322097e-04
2.0738888421897297e-04	6.4312304371109963e-04	2.1401247660498077e-05	1.2903630893133563e-04	-2.5730616938319717e-07	-1.5514288689114646e-06	-2.0739465590521140e-04	-6.4312234677993082e-04
-6.1016083663464492e-04	1.7605268450187033e-04	-1.2053601132774843e-04	1.6135511363815035e-05	1.4338068863947776e-06	-1.9193454385266435e-07	6.1016036817575974e-04	-1.7605781981840554e-04
-1.4803027620985648e-04	-5.7892081420799727e-04	-1.1538576732114709e-05	-1.1258431657734456e-04	1.3580647981285004e-07	1.3251270350137901e-06	1.4803494171944392e-04	5.7892054220456555e-04
5.4807994093186978e-04	-1.2209202406905721e-04	1.0498060236735943e-04	-7.4465431883347332e-06	-1.2227572523020497e-06	8.6731911386839041e-08	-5.4807982341286744e-04	1.2209618421742734e-04
9.9157265021745434e-05	5.1905721402326457e-04	3.9153354312995031e-06	9.7900323953209020e-05	-4.5131230001180899e-08	-1.1285373679468346e-06	-9.9161033058934084e-05	-5.1905722836809165e-04
-4.9037210611404137e-04	7.7851724734521565e-05	-9.1122755058396096e-05	7.8219176820580730e-07	1.0396897798593601e-06	-8.9234399471786180e-09	4.9037222112624588e-04	-7.7855089622576388e-05
-5.9295513065106873e-05	-4.6358571613460921e-04	1.8794053406836327e-06	-8.4846036617249374e-05	-2.1228748791117960e-08	9.5829719607574591e-07	5.9298552524686594e-05	4.6358591641540735e-04
4.3704751289940945e-04	-4.1945140080102797e-05	7.8828149229426747e-05	4.2328474368662573e-06	-8.8142391005963912e-07	-4.7330939525382700e-08	-4.3704777569841748e-04	4.1947856872230692e-05
2.7145549032684349e-05	4.1247624044469248e-04	-6.1848396016085538e-06	7.3286767711644896e-05	6.8472943375040909e-08	-8.1135016489593082e-07	-2.7147997546206628e-05	-4.1247655524482830e-04
-3.8803821683974831e-04	1.3151349507584298e-05	-6.7958562150679158e-05	-7.9092376765153572e-06	7.4498566450807476e-07	8.6704634967746025e-08	3.8803856669142621e-04	-1.3153539232104318e-05
-1.5612537476040842e-06	-3.6563068763345938e-04	9.2893521892058269e-06	-6.3086994231309598e-05	-1.0084547774443547e-07	6.8486820222486126e-07	1.5632228382338511e-06	3.6563106600745622e-04
3.4322122979541989e-04	9.6042098551277395e-06	5.8385272581572030e-05	1.0509737645859026e-05	-6.2773193937659780e-07	-1.1299655825299776e-07	-3.4322162435391340e-04	-9.6024485931251696e-06
-1.8459886308851697e-05	3.2290289516815653e-04	-1.1428349882880945e-05	5.4120154881521511e-05	1.2170296989881626e-07	-5.7633415885617362e-07	1.8458305570157402e-05	-3.2290330201162549e-04
-3.0242798522742446e-04	-2.7260525575130478e-05	-4.9980300336899664e-05	-1.2249374708453950e-05	5.2722688276997847e-07	1.2921540102298933e-07	3.0242839494707682e-04	2.7259111769413533e-05
3.3796094055652047e-05	-2.8410819189098529e-04	1.2801963093363030e-05	-4.6262380624639397e-05	-1.3378246313414332e-07	4.8344719031927835e-07	-3.3794827902764013e-05	2.8410860288697047e-04
2.6546168592428014e-04	4.0638543520870021e-05	4.2627853784860794e-05	1.3309972527385635e-05	-4.4134124876813176e-07	-1.3780324999740073e-07	-2.6546209121330411e-04	-4.0637411435197046e-05
-4.5209352172576298e-05	2.4903840558000712e-04	-1.3571152180348666e-05	3.9401277144974977e-05	1.3921830566030190e-07	-4.0419304546047845e-07	4.5208340299802800e-05	-2.4903880500946223e-04
-2.3210234826640547e-04	-5.0449858588586869e-05	-3.6215037879937961e-05	-1.3838007855708634e-05	3.6813006603711532e-07	1.4066526919260785e-07	2.3210273617498440e-04	5.0448954229508766e-05
5.3362459242333928e-05	-2.1746695827097443e-04	1.3872908150339636e-05	-3.3428485506239404e-05	-1.3974957752510777e-07	3.3674327127960133e-07	-5.3361652886071174e-05	2.1746733588884728e-04
2.0211985326140598e-04	5.7312378733589245e-05	3.0641936748600089e-05	1.3957547041415539e-05	-3.0591686188201120e-07	-1.3934682707695826e-07	-2.0212021612923389e-04	-5.7311658484731118e-05
-5.8825377641730902e-05	1.8916025264113610e-04	-1.3815205644563604e-05	2.8247950579070650e-05	1.3670511425893453e-07	-2.7952062485273760e-07	5.8824736917056102e-05	-1.8916060280709662e-04
-1.7527580967700038e-04	-6.1756969467067723e-05	-2.5812218688424926e-05	-1.3766338345324409e-05	2.5317795231626816e-07	1.3502669125337826e-07	1.7527614311809109e-04	6.1756397480398242e-05
6.2090109551042402e-05	-1.6387948335267784e-04	1.3490235605419673e-05	-2.3767728616549905e-05	-1.3116784969423499e-07	2.3109753858529184e-07	-6.2089602297966853e-05	1.6387980300017573e-04
1.5133341673267332e-04	6.4241338003958153e-05	2.1642235252981531e-05	1.3347614519328247e-05	-2.0861699074813437e-07	-1.2866243425876219e-07	-1.5133371908166224e-04	-6.4240885485429455e-05
-6.3575446700949885e-05	1.4138942281016100e-04	-1.2968622219923990e-05	1.9908054733659760e-05	1.2394055311972750e-07	-1.9026046122650883e-07	6.3575046609855936e-05	-1.4138971128926884e-04
-1.3005709602691663e-04	-6.5154771844046786e-05	-1.8051787935233821e-05	-1.2764832787853548e-05	1.7105820199429615e-07	1.2095930315289165e-07	1.3005736707828714e-04	6.5154415088140380e-05
6.3639826279844180e-05	-1.2145784873794654e-04	1.2311084908104449e-05	-1.6592661203731642e-05	-1.1567895485454370e-07	1.5591026834396744e-07	-6.3639512221337480e-05	1.2145810641384508e-04
1.1122001335857901e-04	6.4830404596486822e-05	1.4972488396477459e-05	1.2072683036063497e-05	-1.3951424339905186e-07	-1.1249384946151038e-07	-1.1122025422948391e-04	-6.4830124702621345e-05
-6.2584648939699824e-05	1.0386250564899363e-04	-1.1562226042630967e-05	1.3756836492533808e-05	1.0684648037447075e-07	-1.2712730701008520e-07	6.2584403626759317e-05	-1.0386273412127891e-04
-9.4602199594807763e-05	-6.3548239828621584e-05	-1.2338846088022312e-05	-1.1310784292730529e-05	1.1308906989815836e-07	1.0366667653164726e-07	9.4602411910673891e-05	6.3548021187233604e-05
6.0665316018874463e-05	-8.8388830530651883e-05	1.0760920410885842e-05	-1.1338419230771982e-05	-9.7824328545806314e-08	1.0307490800986449e-07	-6.0665125639673127e-05	8.8389031603455974e-05
7.9996372636947487e-05	6.1545995792851234e-05	1.0096044870383335e-05	1.0514151069645435e-05	-9.1040702461236616e-08	-9.4811034874509351e-08	-7.9996558601781067e-05	-6.1545826079716467e-05
-5.8093310700401213e-05	7.4835673315837842e-05	-9.9338998968393405e-06	9.2859638364763546e-06	8.8860646394874019e-08	-8.3065816443980953e-08	5.8093163954250798e-05	-7.4835849405212627e-05
-6.7205086490917324e-05	-5.9020626530085626e-05	-8.1914431100232425e-06	-9.7060781201109083e-06	7.2693565869797579e-08	8.6134999619236968e-08	6.7205248343877273e-05	5.9020495509784030e-05
5.5045632175700106e-05	-6.3011830351834001e-05	9.1050949646010125e-06	-7.5495111449020741e-06	-8.0163235178422150e-08	6.6469145473626408e-08	-5.5045520093155838e-05	6.3011983682378334e-05
5.6045332305641706e-05	5.6137953583333615e-05	6.5818635378559520e-06	8.9082526858726279e-06	-5.7496986099421264e-08	-7.7819609754042536e-08	-5.6045472483433783e-05	-5.6137853279051469e-05
-5.1665841322819423e-05	5.2740955821224137e-05	-8.2891830088877273e-06	6.0889259769734133e-06	7.1846721278411182e-08	-5.2778303032581041e-08	5.1665756562875059e-05	-5.2741088918245653e-05
-4.6345113899781463e-05	-5.3032897682630930e-05	-5.2255542476453164e-06	-8.1330016152399258e-06	4.4946435055630729e-08	6.9954241977253946e-08	4.6345234662015315e-05	5.3032821403665134e-05
4.8072103685592532e-05	-4.3857278205511963e-05	7.5000512967798860e-06	-4.8645041475042672e-06	-6.4011854977015266e-08	4.1521311130935202e-08	-4.8072040471617251e-05	4.3857393234412518e-05
3.7947180684059194e-05	4.9818100648254450e-05	4.0890505170002688e-06	7.3931889690376793e-06	-3.4638162511517904e-08	-6.2627417111769398e-08	-3.7947284307202314e-05	-4.9818043264591152e-05
-4.4357393157740429e-05	3.6210016877660667e-05	-6.7444318697958777e-06	3.8455159141588617e-06	5.6692955803559119e-08	-3.2330063838184705e-08	4.4357346764238061e-05	-3.6210116170080561e-05
-3.0705318996281929e-05	-4.6583070099391052e-05	-3.1396181856605216e-06	-6.6939564675734916e-06	2.6198618372289988e-08	5.5857922327524100e-08	3.0705407508484129e-05	4.6583027230415837e-05
4.0596341295513737e-05	-2.9658552811776112e-05	6.0296144154081269e-06	-3.0006826262161448e-06	-4.9926585005343757e-08	2.4853753944508023e-08	-4.0596308047382133e-05	2.9658638299917638e-05
2.4487472814569971e-05	4.3401980635609262e-05	2.3517215184137534e-06	6.0425104586909999e-06	-1.9335409606735635e-08	-4.9680423836561004e-08	-2.4487548187361350e-05	-4.3401948980300761e-05
-3.6844776179376490e-05	2.4076574123902294e-05	-5.3572592003340492e-06	2.3069404467997468e-06	4.3700668515085052e-08	-1.8829193705956064e-08	3.6844753082169895e-05	-2.4076647876594598e-05
-1.9171957314409202e-05	-4.0331916240299733e-05	-1.6999541134323107e-06	-5.4394554540755915e-06	1.3774141090063460e-08	4.4074077092589657e-08	1.9172021272140237e-05	4.0331892879598041e-05
3.3145554831100390e-05	-1.9346892430991259e-05	4.7304596906468773e-06	-1.7398031431283243e-06	-3.8014463523473406e-08	1.3997034241962168e-08	-3.3145539610522717e-05	1.9346956167832225e-05
1.4650149655746224e-05	3.7420021208872479e-05	1.1651313947051113e-06	4.8885506371375010e-06	-9.3057905647063988e-09	-3.9044433481307538e-08	-1.4650203846851209e-05	-3.7420003958398873e-05
-2.9527593616867515e-05	1.5365472364411447e-05	-4.1478071739854974e-06	1.2823482191619886e-06	3.2830128984384347e-08	-1.0172892190713629e-08	2.9527584461031269e-05	-1.5365528002343927e-05
-1.0822768823220952e-05	-3.4701004674677175e-05	-7.2770554646254578e-07	-4.3877180794182305e-06	5.7302511487574611e-09	3.4550759996027534e-08	1.0822814676918649e-05	3.4700991467358764e-05
2.6010836839805476e-05	-1.2036024798406129e-05	3.6098936089198135e-06	-9.1547046986607540e-07	-2.8125266343962961e-08	7.1660886966664940e-09	-2.6010832473098692e-05	1.2036074059002784e-05
7.6022635236224972e-06	3.2203791893474971e-05	3.7349300555551966e-07	3.9388415006905356e-06	-2.9001865380476333e-09	-3.0585355840192967e-08	-7.6023023804635098e-06	-3.2203781131553656e-05
-2.2604911751714593e-05	9.2740239738527539e-06	-3.1137184160032533e-06	6.2708061665236401e-07	2.3847258615948600e-08	-4.8514028881127480e-09	2.2604911282577121e-05	-9.2740689776639987e-06
-4.9092560618024522e-06	-2.9948435350745591e-05	-8.7568439147986051e-08	-3.5385360491466810e-06	6.7065287606511523e-10	2.7100585659257236e-08	4.9092890352504760e-06	2.9948425346906614e-05
1.9313361009888229e-05	-7.0011644977006574e-06	2.6587905161525275e-06	-4.0223161300210599e-07	-1.9959310070202789e-08	3.0901518748348425e-09	-1.9313364053340503e-05	7.0012075329976953e-06
2.6747130814086776e-06	2.7952398202731910e-05	-1.4036289731512849e-07	3.1880884074954363e-06	1.0604745403224198e-09	-2.4086688442533060e-08	-2.6747410927662730e-06	-2.7952387522831579e-05
-1.6132030815146645e-05	5.1494335322977425e-06	-2.2421819564526248e-06	2.3246645865457206e-07	1.6398033669618849e-08	-1.8024445527325029e-09	1.6132037467034653e-05	-5.1494778253051554e-06
-8.3661726420897998e-07	-2.6226996767024099e-05	3.2159203544767913e-07	-2.8841215888574464e-06	-2.3972987497960206e-09	2.1499650535636354e-08	8.3664080104042301e-07	2.6226983733254903e-05
1.3052668649385605e-05	-3.6554887093117767e-06	1.8650124403258124e-06	-1.0564555631103368e-07	-1.3114983897076803e-08	8.9026079835263065e-10	-1.3052679704541144e-05	3.6555385818868474e-06
-6.5802290086917232e-07	2.4783425715161426e-05	-4.6337947644364448e-07	2.6288205354555718e-06	3.4087944910063038e-09	-1.9338693505509121e-08	6.5800401936141325e-07	-2.4783408771202139e-05
-1.0061129442473939e-05	2.4648302259431351e-06	-1.5304495995161561e-06	1.4905333713134320e-08	1.0041165756653412e-08	-3.0947666476142972e-10	1.0061146572003623e-05	-2.4648925234201076e-06
1.8562307548112489e-06	-2.3628824866976242e-05	5.7411792499065791e-07	-2.4205687544542990e-06	-4.1685693498835652e-09	1.7575462636424275e-08	-1.8562180149277412e-06	2.3628802207005537e-05
7.1404203375234848e-06	-1.5261376424509947e-06	1.2590602937838947e-06	5.3734075454207671e-08	-7.1330840683648005e-09	-6.2260045933396513e-12	-7.1404466171649439e-06	1.5262235283949567e-06
-2.7971684116052469e-06	2.2772108159177698e-05	-6.5869998530628604e-07	2.2642227496905488e-06	4.7213648025624717e-09	-1.6229440872935420e-08	2.7971656196907054e-06	-2.2772078245001703e-05
-4.2688042391398014e-06	7.9556268804914551e-07	-1.1356234625200945e-06	-1.2279279506434920e-07	4.3674488496938235e-09	7.0641337876424798e-11	4.2688454730638983e-06	-7.9569457500089116e-07
3.5148785710803562e-06	-2.2219686096188223e-05	7.2332927230333543e-07	-2.1608524242077807e-06	-5.1189134830986701e-09	1.5292251424365478e-08	-3.5148943187487144e-06	2.2219647694853241e-05
1.4223836779653858e-06	-2.3100026943529313e-07	1.9780829781866175e-06	3.7608063906051596e-07	-2.0295351617088240e-09	1.6749440887198474e-10	-1.4224589940384238e-06	2.3126037778633963e-07
