-2.1570283759346860e-06	-8.3114120603040847e-06	3.5309193481820895e-06	-9.1636650842451997e-07	5.3483104916747062e-15	2.7194799110210370e-15	-1.4380188408174480e-06	-5.5409413447699578e-06	-6.6174011168178570e-15	-1.5863632814289383e-15
1.5698336400526234e-07	-3.9371172147932945e-08	-1.9773774719196085e-06	-7.8831711923113531e-06	-5.2541659044270336e-09	-2.0943071488556835e-08	1.0465554725256228e-07	-2.6247446164769584e-08	8.3257349124374954e-08	3.3193985394155123e-07
3.7277669210475248e-08	1.5393831016462212e-07	-8.4057113653060062e-06	2.0354834424022904e-06	-6.1730363045002785e-08	1.4948287671492329e-08	2.4851648466482508e-08	1.0262564048452405e-07	3.5803829648196426e-08	-8.6698975322653342e-09
-2.3196201970591494e-07	5.4168238153259781e-08	1.0588083675581724e-06	4.5353708062023528e-06	5.2235959134745898e-09	2.2376928274205151e-08	-1.5464127558472215e-07	3.6112167784671169e-08	-8.1284468497412851e-08	-3.4811415356313364e-07
-1.9295131757195667e-08	-8.5807556819904693e-08	8.6025393067884431e-06	-1.9345275011384674e-06	6.4949926663550873e-08	-1.4605884534700002e-08	-1.2863324141742521e-08	-5.7204956389257320e-08	-7.6393064333927435e-08	1.7179699338824692e-08
2.3606646987309202e-07	-5.1058613359789936e-08	-1.0546094706327032e-06	-4.8747496223909793e-06	-6.7079235154603779e-09	-3.1004914717454864e-08	1.5737762806835203e-07	-3.4039067042713598e-08	7.8573655257261170e-08	3.6324918256472330e-07
5.2360706578993853e-09	2.5190642805672062e-08	-9.0531096099234355e-06	1.8809666803978748e-06	-6.9699172433980199e-08	1.4481377021170479e-08	3.4907098518215173e-09	1.6793693146098224e-08	1.1960791599939962e-07	-2.4849882118955636e-08
-2.3716402603911752e-07	4.7257541817823050e-08	1.1457776468556722e-06	5.7516796672216426e-06	8.1377238002305843e-09	4.0851003274017313e-08	-1.5810937375320285e-07	3.1504985140694358e-08	-7.6221509950724350e-08	-3.8256161808931364e-07
5.5155846811966440e-09	2.8904750011344616e-08	9.6991000707044168e-06	-1.8499934554430750e-06	7.5847597884651705e-08	-1.4467111547381733e-08	3.6769588229137625e-09	1.9269845242634143e-08	-1.6575445980412248e-07	3.1616981551273330e-08
2.4219615340190978e-07	-4.4143187157232698e-08	-1.2469381754543698e-06	-6.8398406677734634e-06	-9.3737264339781780e-09	-5.1417300879325747e-08	1.6146407846846278e-07	-2.9428705960912014e-08	7.4215967877125150e-08	4.0715232042215639e-07
-1.3518813354632143e-08	-7.7779561104269128e-08	-1.0519944443472283e-05	1.8288876585282105e-06	-8.3386465981074676e-08	1.4496657399196436e-08	-9.0125037161216062e-09	-5.1852979816642521e-08	2.1540713205307240e-07	-3.7446669011981223e-08
-2.5244449387275527e-07	4.1765355146960509e-08	1.3351923937807397e-06	8.0724288770225680e-06	1.0383446164036380e-08	6.2777378745198479e-08	-1.6829621134897229e-07	2.7843524121766427e-08	-7.2404527129805295e-08	-4.3769005678623646e-07
1.9331470304686179e-08	1.2309367047176016e-07	1.1508671611217089e-05	-1.8071224856110591e-06	9.2362643152597770e-08	-1.4503074266997732e-08	1.2887616468979813e-08	8.2062407067258193e-08	-2.6926058504451113e-07	4.2281759458809035e-08
2.6808704904464457e-07	-3.9848465756974717e-08	-1.4034489376120609e-06	-9.4397069372445872e-06	-1.1170171827429084e-08	-7.5131230794605777e-08	1.7872466177786860e-07	-2.6565617495500200e-08	7.0581113366523876e-08	4.7479166402987737e-07
-2.3356911242126105e-08	-1.6648905985969122e-07	-1.2670800050501511e-05	1.7778752673752865e-06	-1.0290238455694806e-07	1.4438475051406589e-08	-1.5571279802685757e-08	-1.1099273603162214e-07	3.2809682626741223e-07	-4.6033931429111247e-08
-2.8904605215602335e-07	3.8151097303355013e-08	1.4452777416923283e-06	1.0952699138248599e-05	1.1709418646266032e-08	8.8737183183434525e-08	-1.9269740466968919e-07	2.5434054973962372e-08	-6.8510881746692222e-08	-5.1912863572000600e-07
2.5918173161040925e-08	2.0957914224965310e-07	1.4016176061181451e-05	-1.7331222896154783e-06	1.1515952402555888e-07	-1.4239703182681978e-08	1.7278770622279311e-08	1.3971945461231523e-07	-3.9279268726748868e-07	4.8571596299736297e-08
3.1534845944701830e-07	-3.6373699671975535e-08	-1.4569612176758516e-06	-1.2628300018610710e-05	-1.1982448508798154e-08	-1.0385847359170096e-07	2.1023237853247111e-07	-2.4249157754271469e-08	6.5923346576133492e-08	5.7146201451448920e-07
-2.7168725680143096e-08	-2.5375274612849931e-07	-1.5562064967415017e-05	1.6664310771178566e-06	-1.2934872440340125e-07	1.3850990779194323e-08	-1.8112441798417156e-08	-1.6916852834136874e-07	4.6432136450167786e-07	-4.9718289184927189e-08
-3.4710862132161626e-07	3.4302381987120038e-08	1.4314913880045649e-06	1.4489242656082220e-05	1.1933419454479821e-08	1.2078753979698511e-07	-2.3140579343793487e-07	2.2868259218874458e-08	-6.2513586853943605e-08	-6.3266916501569939e-07
2.7197604406001135e-08	3.0032164856509493e-07	1.7327127735164424e-05	-1.5689621188980082e-06	1.4570126629579725e-07	-1.3193218590539116e-08	1.8131731311983807e-08	2.0021446211841524e-07	-5.4377146009454222e-07	4.9240697501057632e-08
3.8463110844726264e-07	-3.1654990823640642e-08	-1.3632216612904140e-06	-1.6559590477919403e-05	-1.1510611070203631e-08	-1.3982382351522681e-07	2.5642074609545031e-07	-2.1103354460369459e-08	5.7927353319788544e-08	7.0375579981775060e-07
-2.5956233691355375e-08	-3.5040993911590059e-07	-1.9336131780473241e-05	1.4325253242159904e-06	-1.6450840728668495e-07	1.2187625466576698e-08	-1.7304179529371284e-08	-2.3360668647716374e-07	6.3235533882818684e-07	-4.6845470828315734e-08
-4.2831846114656544e-07	2.8213677969290728e-08	1.2424561703927954e-06	1.8867964151483556e-05	1.0622099340213716e-08	1.6130750175449772e-07	-2.8554564474728189e-07	1.8809136971050380e-08	-5.1757565101613887e-08	-7.8587753123235446e-07
2.3357452302483943e-08	4.0514356509187317e-07	2.1614713003078186e-05	-1.2459343720435074e-06	1.8608076747868001e-07	-1.0726280614945883e-08	1.5571647983793519e-08	2.7009571611368499e-07	-7.3143278227723051e-07	4.2164630538384096e-08
4.7875026204929601e-07	-2.3665697679198598e-08	-1.0604287070131357e-06	-2.1444424384582692e-05	-9.1779828548560464e-09	-1.8560081152536279e-07	3.1916693667435593e-07	-1.5777079058202501e-08	4.3526354639185259e-08	8.8035277467285192e-07
-1.9198645524236121e-08	-4.6554615617589572e-07	-2.4194768203181618e-05	9.9798129700031916e-07	-2.1079752028912581e-07	8.6948869833056587e-09	-1.2799106583556856e-08	-3.1036412705622146e-07	8.4252435028081938e-07	-3.4749265904032062e-08
-5.3659606366765730e-07	1.7740252131234715e-08	8.0376921464393770e-07	2.4324027350840633e-05	7.0424401707796132e-09	2.1312170838916428e-07	-3.5773073204896604e-07	1.1826764329069420e-08	-3.2677772762086154e-08	-9.8868780854642327e-07
1.3247723482668401e-08	5.3272865697843251e-07	2.7109409321633023e-05	-6.7394309470579482e-07	2.3906625540091727e-07	-5.9432652920551999e-09	8.8316996211366049e-09	3.5515238978968621e-07	-9.6733954988697270e-07	2.4051117354823133e-08
6.0269717933147364e-07	-1.0047280938040949e-08	-4.5956690259606742e-07	-2.7544075444419018e-05	-4.0765356931183172e-09	-2.4432620704980095e-07	4.0179809253230216e-07	-6.6982015128770667e-09	1.8556275350136066e-08	1.1125942842441062e-06
-5.1612447856962044e-09	-6.0777327188648473e-07	-3.0398704355744109e-05	2.5835745626781649e-07	-2.7137651793283342e-07	2.3063687200936520e-09	-3.4408492403891150e-09	-4.0518216644691470e-07	1.1077957865168156e-06	-9.4119431258232307e-09
-6.7799255293354295e-07	2.1817028595348268e-10	9.6201725248770151e-09	3.1147639076686622e-05	8.6394842499263666e-11	2.7974187930415299e-07	-4.5199497936942788e-07	1.4545956024793740e-10	-3.9459617851151310e-10	-1.2540198273929299e-06
-5.4409850288236311e-09	6.9191809719547657e-07	3.4104649104292246e-05	2.6838530480805429e-07	3.0825940054255576e-07	2.4257840884013962e-09	-3.6272592933938791e-09	4.6127867618789067e-07	-1.2660520394381736e-06	-9.9600308757655017e-09
7.6360486301938810e-07	1.2260202385195196e-08	5.6445789634015520e-07	-3.5181059805718728e-05	5.1334218871135998e-09	-3.1995200415335242e-07	5.0906995603455735e-07	8.1734631689260804e-09	-2.2712699475535291e-08	1.4151717213166106e-06
1.9060661406341592e-08	-7.8643067578036573e-07	-3.8277176097836183e-05	-9.2751403536138608e-07	-3.5034548245656180e-07	-8.4894555631190543e-09	1.2707113514788331e-08	-5.2428713694586775e-07	1.4445346338619941e-06	3.5006569441282078e-08
-8.6077798521071380e-07	-2.7902977222853020e-08	-1.2872373334769468e-06	3.9697408590043218e-05	-1.1856002046105257e-08	3.6562977840801271e-07	-5.7385205065299447e-07	-1.8601970883153271e-08	5.1827770424123398e-08	-1.5985545446577902e-06
-3.6257450906620514e-08	8.9279166141553094e-07	4.2969108624413834e-05	1.7452345289544983e-06	3.9832428682036879e-07	1.6178297752967169e-08	-2.4171652770853591e-08	5.9519450437444235e-07	-1.6459778945093282e-06	-6.6849804501074844e-08
9.7096558725800062e-07	4.7399270303862660e-08	2.1843490630993046e-06	-4.4754249283440501e-05	2.0378413874572332e-08	-4.1752525944065662e-07	6.4731036839178329e-07	3.1599525592328396e-08	-8.8202752390365602e-08	1.8070016480716991e-06
5.7734407556293977e-08	-1.0125628743258661e-06	-4.8242432303903487e-05	-2.7504863690660039e-06	-4.5300719427400292e-07	-2.5827734072496954e-08	3.8489649831518215e-08	-6.7504190963443041e-07	1.8734584027643693e-06	1.0681649164242040e-07
-1.0957792317946216e-06	-7.1470010021898449e-08	-3.2887623455206003e-06	5.0417048543123089e-05	-3.1082723117371664e-08	4.7650108493994174e-07	-7.3051937124485690e-07	-4.7646709588307038e-08	1.3330688164704612e-07	-2.0437216092940656e-06
-8.4284899813015159e-08	1.1475741037553139e-06	5.4163235806642106e-05	3.9782835448847311e-06	5.1528718765415779e-07	3.7847729894494525e-08	-5.6189910372422586e-08	7.6504935269189417e-07	-2.1304445278019744e-06	-1.5647747784038373e-07
1.2370794493715515e-06	1.0104803594748079e-07	4.6356775830227835e-06	-5.6757224775699381e-05	4.4392545540407593e-08	-5.4352314306571150e-07	8.2471958440618704e-07	6.7365341660632350e-08	-1.8886904308502495e-07	2.3123395066407866e-06
1.1687984846461056e-07	-1.2997898396049161e-06	-6.0808261912049264e-05	-5.4677979083917485e-06	-5.8620756989842808e-07	-5.2711060391237657e-08	7.7919806096843470e-08	-8.6652651795072189e-07	2.4208412778776603e-06	2.1768238655337838e-07
-1.3969350099138647e-06	-1.3713741974939811e-07	-6.2691244441834716e-06	6.3855531201641828e-05	-6.0839963663898328e-08	6.1969861670049554e-07	-9.3129000025392684e-07	-9.1424924735703703e-08	2.5691630344723301e-07	-2.6169544145276932e-06
-1.5662552665295336e-07	1.4715033894988475e-06	6.8259851959398725e-05	7.2657222416761934e-06	6.6692261884922826e-07	7.0988588503765291e-08	-1.0441697483334156e-07	9.8100223071451766e-07	-2.7490510966687208e-06	-2.9261120042524605e-07
1.5777162336560061e-06	1.8100393402234758e-07	8.2369106957873826e-06	-7.1800419498550274e-05	8.1023116773527991e-08	-7.0627138624447571e-07	1.0518108651968214e-06	1.2066928641410883e-07	-3.3982904934015772e-07	2.9621929828463646e-06
2.0485415512943809e-07	-1.6652045238262984e-06	-7.6612802163598977e-05	-9.4247312823292149e-06	-7.5877315988685820e-07	-9.3342593052103336e-08	1.3656946486012328e-07	-1.1101363685850996e-06	3.1200319558720079e-06	3.8382288399633842e-07
-1.7820662353996453e-06	-2.3403811731207872e-07	-1.0597593429764889e-05	8.0691419998067470e-05	-1.0568032267034667e-07	8.0466331830681833e-07	-1.1880440775401366e-06	-1.5602543997439518e-07	4.4039471358897857e-07	-3.3532807614148515e-06
-2.6309434078554331e-07	1.8837839016154074e-06	8.5969334875746182e-05	1.2006917062187694e-05	8.6324895554268286e-07	1.2056570479660363e-07	-1.7539625391330971e-07	1.2558558880405608e-06	-3.5393723933131088e-06	-4.9432311825724844e-07
2.0129978649884031e-06	2.9795814156061165e-07	1.3415536945390963e-05	-9.0637852746057801e-05	1.3564985622396944e-07	-9.1647560499276481e-07	1.3419985798048241e-06	1.9863877244994795e-07	-5.6187988285043839e-07	3.7961112113018877e-06
3.3316654159422856e-07	-2.1304041611466537e-06	-9.6446291674678663e-05	-1.5082691079966320e-05	-9.8207244648298378e-07	-1.5358082777127769e-07	2.2211100117148928e-07	-1.4202694520352096e-06	4.0133661502454090e-06	6.2763153601075507e-07
-2.2738790678517648e-06	-3.7467912476661984e-07	-1.6768323039906829e-05	1.0176223168041966e-04	-1.7195302286282750e-07	1.0435344363291242e-06	-1.5159193843072044e-06	-2.4978601708258144e-07	7.0810423909796314e-07	-4.2973343356962806e-06
-4.1716923974523241e-07	2.4087174439231043e-06	1.0817015889915539e-04	1.8734355041683733e-05	1.1171639839202613e-06	1.9348533885964121e-07	-2.7811282792310268e-07	1.6058116369964284e-06	-4.5491051531308680e-06	-7.8787098305429311e-07
2.5685351344467872e-06	4.6653153902567733e-07	2.0741985376475267e-05	-1.1419935994342258e-04	2.1575776381546149e-07	-1.1878997637962107e-06	1.7123568186517984e-06	3.1102104071945401e-07	-8.8353544655132499e-07	4.8644450208943294e-06
5.1758275233339104e-07	-2.7227425704147847e-06	-1.2128463410774637e-04	-2.3055523844686886e-05	-1.2707353767299939e-06	-2.4155968104046669e-07	3.4505519378838171e-07	-1.8151617566844073e-06	5.1545748078907572e-06	9.7985958505896489e-07
-2.9012496548568498e-06	-5.7614056010018996e-07	-2.5438942070979582e-05	1.2809978841887658e-04	-2.6847299932620964e-07	1.3519168070670446e-06	-1.9341664803040171e-06	-3.8409370808661224e-07	1.0933899897256381e-06	-5.5058933020479079e-06
-6.3727457605962256e-07	3.0770979283895846e-06	1.3594573750678901e-04	2.8154911711176249e-05	1.4452593990348526e-06	2.9931899677215578e-07	-4.2484977897335906e-07	2.0513986937134594e-06	-5.8387695224099217e-06	-1.2092286915954656e-06
3.2768749440189762e-06	7.0666387659086317e-07	3.0973491925414672e-05	-1.4362933677555551e-04	3.3171830753508676e-07	-1.5382341105112066e-06	2.1845833757445574e-06	4.7110926994555012e-07	-1.3437585520714961e-06	6.2311968703731752e-06
7.7961528076877734e-07	-3.4768879667213056e-06	-1.5232979326665843e-04	-3.4156375461022702e-05	-1.6435752418455671e-06	-3.6853318222195469e-07	5.1974358702312994e-07	-2.3179252467125798e-06	6.6118137574200875e-06	1.4825480337029012e-06
-3.7008517242863007e-06	-8.6168494574876661e-07	-3.7480373398892468e-05	1.6097264042511062e-04	-4.0743265856188655e-07	1.7498627511887220e-06	-2.4672345209159629e-06	-5.7445665133303922e-07	1.6417426151155728e-06	-7.0510783501594291e-06
-9.4850839761700471e-07	3.9279543298016948e-06	1.7062866254838782e-04	4.1203017077066010e-05	1.8688641576554096e-06	4.5128895027652091e-07	-6.3233892411133668e-07	2.6186361757509483e-06	-7.4851057869041409e-06	-1.8074818595322819e-06
4.1793304090044279e-06	1.0454764463987110e-06	4.5110630516247123e-05	-1.8033314370478060e-04	4.9785329167523942e-07	-1.9902060742616644e-06	2.7862202671993209e-06	6.9698425601855544e-07	-1.9956205644938283e-06	7.9776079669528875e-06
1.1485238387170108e-06	-4.4367751296783661e-06	-1.9105818621605088e-04	-4.9457971504647011e-05	-2.1247694506990973e-06	-5.5002511465295077e-07	7.6568248335789431e-07	-2.9578500900370756e-06	8.4714708239134029e-06	2.1929581536642324e-06
-4.7192130683631773e-06	-1.2629130026899172e-06	-5.4040928397448021e-05	2.0193677307980042e-04	-6.0564300557451197e-07	2.2631289968254295e-06	-3.1461420887928220e-06	-8.4194203755465291e-07	2.4150318227955166e-06	-9.0243744894279376e-06
-1.3849589016136438e-06	5.0107389453516121e-06	2.1385357903417015e-04	5.9108952851681560e-05	2.4153807118070011e-06	6.6760916260989248e-07	-9.2330601487188470e-07	3.3404926502907642e-06	-9.5853400569392375e-06	-2.6493755894172652e-06
5.3282897380751726e-06	1.5197675548916729e-06	6.4469924430688935e-05	-2.2603245391670170e-04	7.3388253949218846e-07	-2.5730024558091921e-06	3.5521931952633341e-06	1.0131784485001472e-06	-2.9111972573222150e-06	1.0206665470618345e-05
1.6639973250147964e-06	-5.6580597759423559e-06	-2.3927838522949196e-04	-7.0369941341490478e-05	-2.7453716777284137e-06	-8.0739286918845356e-07	1.1093315995445446e-06	-3.7720398178963040e-06	1.0842943654173864e-05	3.1888313689958653e-06
-6.0153070795175301e-06	-1.8226518551347306e-06	-7.6628502444677280e-05	2.5289595136782089e-04	-8.8622204456016704e-07	2.9247859144113940e-06	-4.0102046406189177e-06	-1.2151012432056469e-06	3.4971664660178587e-06	-1.1541680069693495e-05
-1.9928095953663875e-06	6.3880789243874728e-06	2.6762007713547475e-04	8.3486332908535842e-05	3.1199962482539046e-06	9.7330897993537417e-07	-1.3285396373354521e-06	4.2587192233583241e-06	-1.2262533753953889e-05	-3.8253957488925805e-06
6.7901236631370851e-06	2.1793543605892828e-06	9.0776819254144369e-05	-2.8283096690402633e-04	1.0668929014117386e-06	-3.3240904081126257e-06	4.5267490796798050e-06	1.4529028834866976e-06	-4.1881104906958184e-06	1.3048755996233032e-05
2.3797467019753925e-06	-7.2112012035489560e-06	-2.9919957965557250e-04	-9.8737717574531967e-05	-3.5452484847062540e-06	-1.1699540766511277e-06	1.5864977108803820e-06	-4.8074674687108354e-06	1.3864626955038356e-05	4.5754178124215574e-06
-7.6638119155827065e-06	-2.5988198176942166e-06	-1.0721565912983002e-04	3.1617319159127046e-04	-1.2808909701345770e-06	3.7772782935665415e-06	-5.1092079044283734e-06	-1.7325464681668239e-06	5.0016529746261841e-06	-1.4749634327244852e-05
-2.8344931940602611e-06	8.1392304943659519e-06	3.3436711992847976e-04	1.1644383243812025e-04	4.0278745778156051e-06	1.4027130565719489e-06	-1.8896621009931112e-06	5.4261537184118527e-06	-1.5672281932193044e-05	-5.4578897950690758e-06
8.6488381051492283e-06	3.0915416185300973e-06	1.2628436844052760e-04	-3.5329204313211025e-04	1.5340160437749656e-06	-4.2915498802571846e-06	5.7658920954974099e-06	2.0610277493779474e-06	-5.9582590547707942e-06	1.6668744378057536e-05
3.3683087139902122e-06	-9.1853330401231649e-06	-3.7351238110011294e-04	-1.3696867015483821e-04	-4.5755604375976718e-06	-1.6778786804397327e-06	2.2455391390711124e-06	-6.1235554382856589e-06	1.7711403214936599e-05	6.4948564045976632e-06
-9.7592036265270551e-06	-3.6695941330759511e-06	-1.4837358105595943e-04	3.9459497892737532e-04	-1.8330972097731175e-06	4.8750656586893695e-06	-6.5061357817380532e-06	-2.4463961468780379e-06	7.0816778685153984e-06	-1.8833532926199055e-05
-3.9942480305611252e-06	1.0364413756696762e-05	4.1706065211847399e-04	1.6072748536693791e-04	5.1969650739625854e-06	2.0028144252178830e-06	-2.6628321146583284e-06	6.9096091786228749e-06	-2.0011086501414296e-05	-7.7118984310271836e-06
1.1010657542098522e-05	4.3470965063831580e-06	1.7392430679567954e-04	-4.4052993844824137e-04	2.1860712513236442e-06	-5.5370629787760051e-06	7.3404382424087845e-06	2.8980644189236921e-06	-8.3994592865061917e-06	2.1274820754539555e-05
4.7274688516384695e-06	-1.1693114394126983e-05	-4.6548367495009000e-04	-1.8819252958681822e-04	-5.9019428109313079e-06	-2.3861236158545187e-06	3.1516459127810310e-06	-7.7954095312538887e-06	2.2603998169728269e-05	9.1386795833523094e-06
-1.2420885060010723e-05	-5.1403163911170587e-06	-2.0344233902882999e-04	4.9158996551671721e-04	-2.6022642346388908e-06	6.2880076234776385e-06	-8.2805900030347930e-06	-3.4268775922791281e-06	9.9435442135254314e-06	-2.4027211461351629e-05
-5.5855396684836724e-06	1.3190239470061167e-05	5.1929614576924307e-04	2.1990142332915785e-04	6.7016052737806716e-06	2.8378652529554076e-06	-3.7236931128782063e-06	8.7934929221195444e-06	-2.5526804265258280e-05	-1.0809588494474719e-05
1.4009761982097564e-05	6.0682276009902831e-06	2.3749882885886321e-04	-5.4831642471154195e-04	3.0925245437578656e-06	-7.1397489302791201e-06	9.3398412482850288e-06	4.0454850451399302e-06	-1.1750951152724127e-05	2.7129536455367291e-05
6.5888369411752151e-06	-1.4876798662118110e-05	-5.7906732313866530e-04	-2.5646488530720556e-04	-7.6085873756354839e-06	-3.3697904699462069e-06	4.3925578624053467e-06	-9.9178657691280707e-06	2.8820643360609170e-05	1.2764468134925241e-05
-1.5799600690535781e-05	-7.1527107393121234e-06	-2.7674676198888374e-04	6.1130398415413568e-04	-3.6695801049064403e-06	8.1057097546687416e-06	-1.0533067133784767e-05	-4.7684737872778836e-06	1.3864562651239019e-05	-3.0625361856007891e-05
-7.7609687576556128e-06	1.6776492852963085e-05	6.4541793364989147e-04	2.9857686087318133e-04	8.6371474229083981e-06	3.9956316099581367e-06	-5.1739790960112938e-06	1.1184328653505942e-05	-3.2531658662036836e-05	-1.5049468107440684e-05
1.7815456072928180e-05	8.4192341975946282e-06	3.2192343413625977e-04	-6.8120467879845205e-04	4.3482479130527377e-06	-9.2010910681872579e-06	1.1876970816317791e-05	5.6128227740741371e-06	-1.6334037413606538e-05	3.4563542349180696e-05
9.1292921806016297e-06	-1.8915811832626614e-05	-7.1903261251396791e-04	-3.4702470377582313e-04	-9.8034888487688489e-06	-4.7314305801120748e-06	6.0861948353061807e-06	-1.2610541279443887e-05	3.6711585632207667e-05	1.7718016442902075e-05
-2.0085442494790184e-05	-9.8971847900685046e-06	-3.7386948050307617e-04	7.5873330777547735e-04	-5.1458937482792235e-06	1.0443112304220402e-05	-1.3390295084179013e-05	-6.5981232736465060e-06	1.9216857079857316e-05	-3.8998848640552371e-05
-1.0725489665147275e-05	2.1324593392865658e-05	8.0065726919226069e-04	4.0270155111726331e-04	1.1125911162762614e-05	5.5959294509238292e-06	-7.1503265778783420e-06	1.4216395619022284e-05	-4.1418410795019910e-05	-2.0831951085042422e-05
2.2641103682094606e-05	1.1620711756085314e-05	4.3353377499977551e-04	-8.4467242373696921e-04	6.0827488020965160e-06	-1.1851280075399759e-05	1.5094069021106730e-05	7.7471412105745468e-06	-2.2579537872368313e-05	4.3992654901434442e-05
1.2586247835720399e-05	-2.4036189997192172e-05	-8.9111243769619320e-04	-4.6661953168782835e-04	-1.2625203334596954e-05	-6.6110249649805561e-06	8.3908319361608007e-06	-1.6024126540320029e-05	4.6717100035734748e-05	2.4462813496880143e-05
-2.5517814838320302e-05	-1.3629231819939529e-05	-5.0199562031456304e-04	9.3987820492782970e-04	-7.1825094156333022e-06	1.3447695089864126e-05	-1.7011876452910899e-05	-9.0861544771436410e-06	2.6499022974513779e-05	-4.9613713941613342e-05
-1.4754034709898699e-05	2.7088116430555371e-05	9.9129116402107867e-04	5.3992500710945410e-04	1.4324862774057222e-05	7.8023004693013385e-06	-9.8360230583405140e-06	1.8058744245022956e-05	-5.2680412597190141e-05	-2.8693350897618546e-05
2.8755233124360678e-05	1.5968487855752693e-05	5.8047273493460954e-04	-1.0452864625322886e-03	8.4728040698746418e-06	-1.5257404666407369e-05	1.9170155420496251e-05	1.0645658486599229e-05	-3.1064292057923099e-05	5.5939008092152119e-05
1.7277995772304244e-05	-3.0522301766084875e-05	-1.1021733554062421e-03	-6.2391553292339124e-04	-1.6251581746794286e-05	-9.1996548261514457e-06	1.1518663765894419e-05	-2.0348201216550901e-05	5.9389801306567612e-05	3.3619237300475275e-05
-3.2397802620938497e-05	-1.8691288602458847e-05	-6.7034737870529711e-04	1.1619190633197149e-03	-9.9859860867918330e-06	1.7308798307488092e-05	-2.1598535128477181e-05	-1.2460859027423050e-05	3.6378212693442024e-05	-6.3054704820247545e-05
-2.0214996840070189e-05	3.4385844093000605e-05	1.2248242661492708e-03	7.2005875915460234e-04	1.8435557980135199e-05	1.0838032202085298e-05	-1.3476664589321585e-05	2.2923896101835134e-05	-6.6936416038427298e-05	-3.9351068346771171e-05
3.6495302484063705e-05	2.1858850922641525e-05	7.7317828534657473e-04	-1.2908910745095083e-03	1.1759812767185179e-05	-1.9634071027183303e-05	2.4330201763624338e-05	1.4572567345347746e-05	-4.2559678677621545e-05	7.1057206925793402e-05
2.3630810508028486e-05	-3.8731365981279949e-05	-1.3604099607127515e-03	-8.3001407718318000e-04	-2.0911103394755956e-05	-1.2758294101820590e-05	1.5753873729556763e-05	-2.5820910758348377e-05	7.5422213400173235e-05	4.6016650443609971e-05
-4.1103476040201605e-05	-2.5541852454656348e-05	-8.9073173230704939e-04	1.4334178505760122e-03	-1.3838506787132766e-05	2.2269738350685283e-05	-2.7402317326667804e-05	-1.7027901647492062e-05	4.9746071628489104e-05	-8.0054327862297928e-05
-2.7601509567187845e-05	4.3617898806017765e-05	1.5101965091055814e-03	9.5565621471126736e-04	2.3717079277591731e-05	1.5008228298907635e-05	-1.8401006418961102e-05	2.9078599190829981e-05	-8.4961190744892580e-05	-5.3763650652044823e-05
4.6284698670449585e-05	2.9822149298809105e-05	1.0249985561599400e-03	-1.5908234957957637e-03	1.6273736900750887e-05	-2.5257248326199073e-05	3.0856465690606463e-05	1.9881432913662876e-05	-5.8096102757297070e-05	9.0166584209281378e-05
3.2215041818918800e-05	-4.9111364384382833e-05	-1.6755667326347563e-03	-1.0991027953516817e-03	-2.6897668318906960e-05	-1.7643763225062889e-05	2.1476694542535774e-05	-3.2740909491773677e-05	9.5680750223085741e-05	6.2762641687507404e-05
-5.2108754834566715e-05	-3.4794246817273047e-05	-1.1782315227389963e-03	1.7645488141046597e-03	-1.9126058121036754e-05	2.8643659986494516e-05	-3.4739169837178738e-05	-2.3196164533657575e-05	6.7793086539577241e-05	-1.0152863764249055e-04
-3.7573088341532495e-05	5.5285613286654882e-05	1.8580202943634654e-03	1.2627440155571980e-03	3.0502981428856099e-05	2.0730374727498055e-05	-2.5048725486297639e-05	3.6857075496464247e-05	-1.0772321242871157e-04	-7.3210623999543523e-05
5.8653651278849850e-05	4.0567514922433461e-05	1.3529689931905137e-03	-1.9561614001888513e-03	2.2466325802593330e-05	-3.2482458666396725e-05	3.9102434210484618e-05	2.7045009875039520e-05	-7.9048719547434568e-05	1.1429088097773116e-04
4.3793156377986094e-05	-6.2223059779351449e-05	-2.0591920066524512e-03	-1.4492777826498209e-03	-3.4590051868440965e-05	-2.4344788569395427e-05	2.9195437487486760e-05	-4.1482039904238056e-05	1.2124748839746760e-04	8.5335078008993629e-05
-6.6006569161938464e-05	-4.7268215707512726e-05	-1.5520805021406289e-03	2.1673648368095138e-03	-2.6377677974966646e-05	3.6834462884171599e-05	-4.4004379502725314e-05	-3.1512143777550777e-05	9.2107436722149185e-05	-1.2862120277122170e-04
-5.1011053507134843e-05	7.0015902620488646e-05	2.2808531536355763e-03	1.6617474028244007e-03	3.9223682741301639e-05	2.8576961391328111e-05	-3.4007369014993179e-05	4.6677268568641211e-05	-1.3643093139188839e-04	-9.9398649612982736e-05
7.4264850712065766e-05	5.5042378974393417e-05	1.7787993528329249e-03	-2.4000110012741341e-03	3.0957581467393463e-05	-4.1768924673821579e-05	4.9509900526649408e-05	3.6694919318631113e-05	-1.0725144089764238e-04	1.4470692805951575e-04
5.9383672418820586e-05	-7.8766942635819550e-05	-2.5249318567336409e-03	-1.9035866524033170e-03	-4.4477750122586673e-05	-3.3532489884685996e-05	3.9589115021216242e-05	-5.2511295156387340e-05	1.5347138068876829e-04	1.1570454748704183e-04
-8.3537158338373578e-05	-6.4058572286035268e-05	-2.0367792525619230e-03	2.6561112888847179e-03	-3.6320605327445515e-05	4.7364764545785333e-05	-5.5691438876041282e-05	-4.2705714953185994e-05	1.2480650568031561e-04	-1.6275697230654361e-04
-6.9092282410426135e-05	8.8591019570016309e-05	2.7935162635518811e-03	2.1786682803568405e-03	5.0436395576611089e-05	3.9335434014173283e-05	-4.6061521650311195e-05	5.9060679714256790e-05	-1.7258942124435983e-04	-1.3460278436374382e-04
9.3944666358352835e-05	7.4511651932130925e-05	2.3301393734918002e-03	-2.9378522983183573e-03	4.2601407331144950e-05	-5.3712084342954147e-05	6.2629777514145338e-05	4.9674434662845632e-05	-1.4514867875339005e-04	1.8300420974437368e-04
8.0346237630692175e-05	-9.9616046222904847e-05	-3.0888778837703710e-03	-2.4913625032556394e-03	-5.7195770933265912e-05	-4.6131768582792607e-05	5.3564158432320639e-05	-6.6410697477249807e-05	1.9403087547748398e-04	1.5649737578387994e-04
-1.0562246167287423e-04	-8.6626523153720804e-05	-2.6635366152158559e-03	3.2476106859820287e-03	-4.9958690551222092e-05	6.0913890284879778e-05	-7.0414974372180658e-05	-5.7751015467346232e-05	1.6871202385711575e-04	-2.0570809638852317e-04
-9.3387356841726421e-05	1.1198469963578074e-04	3.4134778445951896e-03	2.8466006007439146e-03	6.4865738944420027e-05	5.4093466859248274e-05	-6.2258237926313646e-05	7.4656466360704433e-05	-2.1806955426096201e-04	-1.8185466884926396e-04
1.1872097504000032e-04	1.0066305410779368e-04	3.0422290412227744e-03	-3.5879745941972225e-03	5.8579626570673569e-05	-6.9088227480620563e-05	7.9147316619920392e-05	6.7108702721082776e-05	-1.9599757223949133e-04	2.3115755339365678e-04
1.0849486767850661e-04	-1.2585570999684552e-04	-3.7699948882951493e-03	-3.2499522736772965e-03	-7.3572269564336544e-05	-6.3423525165091175e-05	7.2329911794102411e-05	-8.3903806629044659e-05	2.4501028827264180e-04	2.1121296311856766e-04
-1.3340766030817936e-04	-1.1692115734395098e-04	-3.4721716710971818e-03	3.9617654645293272e-03	-6.8685638759725408e-05	7.8370661681052679e-05	-8.8938440204688519e-05	-7.7947438197348650e-05	2.2758367491210852e-04	-2.5967415522548329e-04
-1.2599123950826142e-04	1.4140585021788448e-04	4.1613369450196900e-03	3.7077111872005717e-03	8.3459912800788014e-05	7.4361979187397318e-05	-8.3994159694492218e-05	9.4270566814736765e-05	-2.7519227121940187e-04	-2.4519365297041981e-04
1.4986870180950843e-04	1.3574725118954887e-04	3.9601089206772787e-03	-4.3720700685067199e-03	8.0539097987813836e-05	-8.8917397717443210e-05	9.9912467888375113e-05	9.0498167438580308e-05	-2.6413798846157226e-04	2.9161563418375256e-04
1.4624878918596362e-04	-1.5883152726658194e-04	-4.5906769087227361e-03	-4.2270000777531033e-03	-9.4695190968414707e-05	-8.7193367954319727e-05	9.7499192849267313e-05	-1.0588768484470979e-04	3.0899274246485773e-04	2.8451412232428967e-04
-1.6831101088566336e-04	-1.5754110636326759e-04	-4.5137085907512621e-03	4.8222761994923509e-03	-9.4452042633299773e-05	1.0090900370191985e-04	-1.1220734066451037e-04	-1.0502740424104072e-04	3.0643136099478958e-04	-3.2737975165790886e-04
-1.6969746966793379e-04	1.7835112530849981e-04	5.0614736823605070e-03	4.8158897059501242e-03	1.0747028678779184e-04	1.0225580113464906e-04	-1.1313164652353039e-04	1.1890075016369159e-04	-3.4683104706366202e-04	-3.3000270237040644e-04
1.8896424641074867e-04	1.8276437221805908e-04	5.1417037005773054e-03	-5.3161253592835661e-03	1.1079663095191216e-04	-1.1455517746541066e-04	1.2597616426475615e-04	1.2184291478374758e-04	-3.5535394030180635e-04	3.6740855591849516e-04
1.9683372932817787e-04	-2.0020696335161080e-04	-5.5775213931671423e-03	-5.4835468011748415e-03	-1.2200801778414616e-04	-1.1995232833291817e-04	1.3122248624415278e-04	-1.3347130887121465e-04	3.8917310975114267e-04	3.8261602235927178e-04
-2.1208316743203136e-04	-2.1194978695039156e-04	-5.8540935485385656e-03	5.8577767292463372e-03	-1.3001882415433777e-04	1.3010062714676946e-04	-1.4138877833736873e-04	-1.4129985792236851e-04	4.1193387987430402e-04	-4.1219308585919127e-04
-2.2823096638571367e-04	2.2466807471690792e-04	6.1429874161745930e-03	6.2404062197468748e-03	1.3856750908383436e-04	1.4076498694175896e-04	-1.5215397753636832e-04	1.4977871646775919e-04	-4.3653637114070471e-04	-4.4345918312188403e-04
2.3795000242265909e-04	2.4571246847832659e-04	6.6623761042285089e-03	-6.4519013668476698e-03	1.5265539056603085e-04	-1.4783277139880812e-04	1.5863333497359442e-04	1.6380831227577849e-04	-4.7735909663635192e-04	4.6227855325017760e-04
2.6455149820149885e-04	-2.5203263595382683e-04	-6.7624850797437016e-03	-7.0983880315859922e-03	-1.5745178176582901e-04	-1.6527265237599887e-04	1.7636766546661936e-04	-1.6802175738994991e-04	4.8949523673474037e-04	5.1380923005122725e-04
-2.6687719403881247e-04	-2.8476230079254233e-04	-7.5798755541204551e-03	7.1038044004795081e-03	-1.7935648203852689e-04	1.6809159419510554e-04	-1.7791812942284972e-04	-1.8984153389401087e-04	5.5300261857379421e-04	-5.1827007798279300e-04
-3.0656073603407288e-04	2.8263133134346426e-04	7.4411418248442806e-03	8.0711576989518467e-03	1.7901678850904565e-04	1.9417352360970254e-04	-2.0437382407269039e-04	1.8842088760106929e-04	-5.4868710436922167e-04	-5.9514253429952596e-04
2.9921014559734592e-04	3.2991894054032998e-04	8.6221514166109799e-03	-7.8196039567765118e-03	2.1091478226690613e-04	-1.9128289299083232e-04	1.9947343041254312e-04	2.1994596042092945e-04	-6.4045217626303543e-04	5.8083903027030621e-04
3.5514357931456017e-04	-3.1683046338083640e-04	-8.1847126272233933e-03	-9.1744586473669794e-03	-2.0368348617904006e-04	-2.2831415222358578e-04	2.3676238615712590e-04	-2.1122030894745218e-04	6.1481904461584136e-04	6.8916678270520312e-04
-3.3533038226565804e-04	-3.8212848502998441e-04	-9.8075784543798106e-03	8.6064735889143460e-03	-2.4830506950042672e-04	2.1789588853350549e-04	-2.2355358813525226e-04	-2.5475232337573089e-04	7.4154482707833183e-04	-6.5073008140830303e-04
-4.1132399421383881e-04	3.5503621947239342e-04	8.9997003185325886e-03	1.0426521739623659e-02	2.3195276733640796e-04	2.6872678881084829e-04	-2.7421599613638867e-04	2.3669081302086584e-04	-6.8867523122023309e-04	-7.9785846397855114e-04
3.7565868041876963e-04	4.4248348455048445e-04	1.1158116898272601e-02	-9.4729950107361148e-03	2.9273735894598893e-04	-2.4852755776328766e-04	2.5043912026482775e-04	2.9498898968159534e-04	-8.5840758142690591e-04	7.2876905581756388e-04
4.7628803605152413e-04	-3.9769894137225477e-04	-9.8935375695645335e-03	-1.1848594196138804e-02	-2.6442548587689426e-04	-3.1667846414346979e-04	3.1752535731656710e-04	-2.6513262754694091e-04	7.7112523973009092e-04	9.2350690626120632e-04
-4.2065862574052707e-04	-5.1224537890539571e-04	-1.2700415722835189e-02	1.0429647995414992e-02	-3.4573104807466339e-04	2.8391614964975412e-04	-2.8043908378649109e-04	-3.4149691922514224e-04	9.9350522251244748e-04	-8.1587173773931812e-04
-5.5141179779931155e-04	4.4531903221925928e-04	1.0874793422668423e-02	1.3465603768730605e-02	3.0182802770053129e-04	3.7373552426136608e-04	-3.6760786516264047e-04	2.9687935477463805e-04	-8.6313337126573298e-04	-1.0687662056004467e-03
4.7084004574512068e-04	5.9287121383443564e-04	1.4467342356945908e-02	-1.1489518277940597e-02	4.0921845483871165e-04	-3.2498870922015018e-04	3.1389336381436268e-04	3.9524747582158395e-04	-1.1496968085564817e-03	9.1305379995450556e-04
6.3829515206270996e-04	-4.9845352347743235e-04	-1.1953464123637297e-02	-1.5307019712438918e-02	-3.4504681872128646e-04	-4.4185002848191418e-04	4.2553010129579535e-04	-3.3230234900931784e-04	9.6576920368791604e-04	1.2367166881288554e-03
-5.2676278202213038e-04	-6.8604372078112977e-04	-1.6500194965476601e-02	1.2669291680476395e-02	-4.8569359864217477e-04	3.7292855502882478e-04	-3.5117518807382904e-04	-4.5736248058449522e-04	1.3303027293496738e-03	-1.0214421115979856e-03
-7.3880387768309841e-04	5.5772539883039635e-04	1.3141310448155717e-02	1.7407942115010663e-02	3.9517350085177912e-04	5.2347575578809153e-04	-4.9253591849754788e-04	3.7181693258292112e-04	-1.0802196456573994e-03	-1.4309380145071915e-03
5.8904003589771838e-04	7.9370670396425877e-04	1.8851850518078205e-02	-1.3990678617656993e-02	5.7842740924356553e-04	-4.2927308285479186e-04	3.9269335722426357e-04	5.2913780273901063e-04	-1.5391847096865414e-03	1.1422877437962840e-03
8.5512254782044248e-04	-6.2383520959500823e-04	-1.4452301758331452e-02	-1.9810502049411826e-02	-4.5356626207409623e-04	-6.2172624997720372e-04	5.7008169864988594e-04	-4.1589013971918639e-04	1.2078028648831135e-03	1.6555965952032882e-03
-6.5834158470367762e-04	-9.1810456300210196e-04	-2.1591341468233449e-02	1.5482416376792643e-02	-6.9178565963311060e-04	4.9605596010531808e-04	-4.3889438976271711e-04	-6.1206970871208926e-04	1.7808418514176144e-03	-1.2769811474815113e-03
-9.8982333085404438e-04	6.9757809315640590e-04	1.5903117857144256e-02	2.2565613403050268e-02	5.2193151578432898e-04	7.4059092687465034e-04	-6.5988222062395832e-04	4.6505206204200872e-04	-1.3499846092706457e-03	-1.9155508076792753e-03
7.3539554807389401e-04	1.0618274525805336e-03	2.4810446854102684e-02	-1.7183105512752407e-02	8.3170256052081610e-04	-5.7601674575508046e-04	4.9026369872385862e-04	7.0788496833499779e-04	-2.0605267828783182e-03	1.4270701446911810e-03
1.1459568583746642e-03	-7.7986704630073804e-04	-1.7513749958078546e-02	-2.5735157557730894e-02	-6.0243511907364321e-04	-8.8523375989407629e-04	7.6397123888580177e-04	-5.1991136417635104e-04	1.5083976449208507e-03	2.2164785830981032e-03
-8.2098823271868789e-04	-1.2278595041686250e-03	-2.8633265956133046e-02	1.9145165352506852e-02	-1.0063969183709575e-03	6.7291085255044960e-04	-5.4732548845378023e-04	-8.1857300268902051e-04	2.3843873545173642e-03	-1.5942816857032630e-03
-1.3271764934159654e-03	8.7176783851030597e-04	1.9308104696876952e-02	2.9394595939453483e-02	6.9785172485419531e-04	1.0624072003799275e-03	-8.8478432896316487e-04	5.8117855896365023e-04	-1.6848653471167852e-03	-2.5650334980670160e-03
9.1595904231876052e-04	1.4196289038289056e-03	3.3230011614431877e-02	-2.1440343278556099e-02	1.2274633682286176e-03	-7.9197191655643658e-04	6.1063936161535838e-04	9.4641926923059311e-04	-2.7596413070592710e-03	1.7805487407747994e-03
1.5379116200833964e-03	-9.7454958927279723e-04	-2.1314571730474820e-02	-3.3635976135735608e-02	-8.1176751867393564e-04	-1.2810293943139573e-03	1.0252744134803765e-03	-6.4969972620818170e-04	1.8814309338563201e-03	2.9690376941296165e-03
-1.0211871838895232e-03	-1.6410513294323895e-03	-3.8836876194496724e-02	2.4167262675729866e-02	-1.5115523406124582e-03	9.4060300496127502e-04	-6.8079145595377998e-04	-1.0940342196428074e-03	3.1947942637673855e-03	-1.9880443960347215e-03
-1.7836164880846474e-03	1.0897614928308715e-03	2.3566306505131258e-02	3.8571058073470402e-02	9.4885168569145372e-04	1.5529889432352377e-03	-1.1890776588425773e-03	7.2650766183637676e-04	-2.1003945277645463e-03	-3.4377231836670887e-03
1.1375617108375525e-03	1.8965540855195864e-03	4.5784348506158007e-02	-2.7461660207783199e-02	1.8829718428968298e-03	-1.1294150650645654e-03	7.5837447379462802e-04	1.2643693904004036e-03	-3.6999158491747772e-03	2.2192262828123590e-03
2.0711338454991266e-03	-1.2193470077146139e-03	-2.6100936021918771e-02	-4.4334000469329241e-02	-1.1152197700876063e-03	-1.8942674629261419e-03	1.3807558970079614e-03	-8.1289800506089403e-04	2.3443612846646201e-03	3.9820378668381073e-03
-1.2659220310877023e-03	-2.1910494684790629e-03	-5.4537237013515732e-02	3.1509962856690638e-02	-2.3777440005151420e-03	1.3737884282074393e-03	-8.4394802070721683e-04	-1.4606996456165910e-03	4.2869956702175308e-03	-2.4768962355994268e-03
-2.4092372808198611e-03	1.3658171850451542e-03	2.8959009764940646e-02	5.1082332349592634e-02	1.3189105541152153e-03	2.3264962354424636e-03	-1.6061581870987012e-03	9.1054479003167203e-04	-2.6163054900022785e-03	-4.6150398822232350e-03
1.4069424383087289e-03	2.5298002686827211e-03	6.5750311858564531e-02	-3.6566881702989780e-02	3.0499556496211265e-03	-1.6962256804486083e-03	9.3796162564834483e-04	1.6865335123958541e-03	-4.9704120902923929e-03	2.7642829740115431e-03
2.8094495374152558e-03	-1.5325104245851053e-03	-3.2180217049919163e-02	-5.8993852630018835e-02	-1.5705016457005685e-03	-2.8790962654583418e-03	1.8729663582171554e-03	-1.0216736163928164e-03	2.9196581759020077e-03	5.3524152985413159e-03
-1.5609151050891426e-03	-2.9180587100771471e-03	-8.0344151128723770e-02	4.2977337951483945e-02	-3.9817400635172376e-03	2.1298947825251205e-03	-1.0406100701216047e-03	-1.9453724733681900e-03	5.7675653907015558e-03	-3.0851606168515728e-03
-3.2872911070530864e-03	1.7239837901604385e-03	3.5795597596111194e-02	6.8255022164231238e-02	1.8838732177753304e-03	3.5921682202107526e-03	-2.1915274046969630e-03	1.1493225268971617e-03	-3.2584302534106688e-03	-6.2131726204206483e-03
1.7273440106297696e-03	3.3602515386536970e-03	9.9605391883798952e-02	-5.1202351933242858e-02	5.2990020291000537e-03	-2.7239626463089481e-03	1.1515626738050108e-03	2.2401676925042054e-03	-6.6997593074108845e-03	3.4440246919567271e-03
3.8641946074451420e-03	-1.9465956464535345e-03	-3.9813088909040839e-02	-7.9033116640057258e-02	-2.2771028206945015e-03	-4.5202856131303917e-03	2.5761297383898535e-03	-1.2977304309326097e-03	3.6373908922977985e-03	7.2205987854208524e-03
-1.9041902487782418e-03	-3.8582561408541105e-03	-1.2531351177550223e-01	6.1846791012970047e-02	-7.1962369198637494e-03	3.5516055247507071e-03	-1.2694601657805740e-03	-2.5721707606109422e-03	7.7934734421881442e-03	-3.8463635885977276e-03
-4.5704484683101810e-03	2.2093693702423460e-03	4.4192116540440120e-02	9.1418753893849777e-02	2.7733912232706945e-03	5.7372216871581653e-03	-3.0469656454965134e-03	1.4729129134742217e-03	-4.0623353214488244e-03	-8.4036171780339369e-03
2.0864636952883210e-03	4.4078694225834145e-03	1.5988976253086656e-01	-7.5683773854078040e-02	9.9757303056162358e-03	-4.7220091186972526e-03	1.3909757968051412e-03	2.9385796149958756e-03	-9.0822796295195359e-03	4.2990944483559373e-03
5.4497129535289153e-03	-2.5252542088538624e-03	-4.8800950579449352e-02	-1.0531659241624980e-01	-3.4017579264968476e-03	-7.3412822743757541e-03	3.6331419688836472e-03	-1.6835028058682924e-03	4.5405051479842518e-03	9.7987954833033183e-03
-2.2635796825180242e-03	-4.9916497824588303e-03	-2.0654952926431450e-01	9.3664685707811474e-02	-1.4109490065043999e-02	6.3982762722939804e-03	-1.5090531216883996e-03	-3.3277665215718385e-03	1.0609874332441149e-02	-4.8112942029413320e-03
-6.5659063111456195e-03	2.9129373573088717e-03	5.3347583485611923e-02	1.2024811986200692e-01	4.1968875882569682e-03	9.4599944010297764e-03	-4.3772708740450906e-03	1.9419582383649607e-03	-5.0812873313672230e-03	-1.1453475552183068e-02
2.4143319355371226e-03	5.5643922537815544e-03	2.6940990353577615e-01	-1.1689415800347384e-01	2.0337098512882717e-02	-8.8240557461645840e-03	1.6095546237528660e-03	3.7095948358611876e-03	-1.2435155484433280e-02	5.3954847253216472e-03
8.0135655590107928e-03	-3.3993732951417672e-03	-5.7271677328794075e-02	-1.3501027812969510e-01	-5.1968063248749186e-03	-1.2250772128939741e-02	5.3423770394060519e-03	-2.2662488635315412e-03	5.6974667140504845e-03	1.3431011761049346e-02
-2.4971460660599891e-03	-6.0232847895138599e-03	-3.5344988138476907e-01	1.4653399175854956e-01	-2.9820534326589997e-02	1.2363059546957978e-02	-1.6647640440737013e-03	-4.0155231931169573e-03	1.4641276323768623e-02	-6.0700110210646198e-03
-9.9330565940025130e-03	4.0231549979134291e-03	5.9581781889224875e-02	1.4710574677649788e-01	6.4356299099539967e-03	1.5889389541453591e-02	-6.6220377294145417e-03	2.6821033319628369e-03	-6.4076857529414208e-03	-1.5820396113044519e-02
2.4305977323679879e-03	6.1450922390579657e-03	4.6412735377281755e-01	-1.8357851665179026e-01	4.4390594644756781e-02	-1.7558024652731246e-02	1.6203984882114070e-03	4.0967281593934151e-03	-1.7352956978779834e-02	6.8636982066139062e-03
1.2531775919750000e-02	-4.8385679235109398e-03	-5.8620667150921076e-02	-1.5182613234299216e-01	-7.9257406647753794e-03	-2.0527479687841937e-02	8.3545172798728806e-03	-3.2257119488589923e-03	7.2417986569491416e-03	1.8756086270642174e-02
-2.0525973552383415e-03	-5.4484215929418997e-03	-6.0631478410052753e-01	2.2841846395239140e-01	-6.6946508646182248e-02	2.5220923306508936e-02	-1.3683982367492904e-03	-3.6322810619321862e-03	2.0772231928212283e-02	-7.8255741887256289e-03
-1.6109828553387589e-02	5.9190506174797899e-03	5.1742294554886631e-02	1.4082655512815245e-01	9.6175362197698407e-03	2.6175964958074713e-02	-1.0739885702164630e-02	3.9460337448907002e-03	-8.2538398472277175e-03	-2.2464404249593319e-02
1.0282389289534653e-03	2.8708884439215929e-03	7.8202894425931735e-01	-2.8009191754763069e-01	1.0213569355032881e-01	-3.6580976280957508e-02	6.8549261927603941e-04	1.9139256291751472e-03	-2.5259031252512502e-02	9.0467885200828206e-03
2.1074050491634640e-02	-7.3539290178521767e-03	-3.4874444292575496e-02	-9.9939200241439291e-02	-1.1309339472218417e-02	-3.2409013953820058e-02	1.4049366994380075e-02	-4.9026193451861154e-03	9.5570662881541753e-03	2.7387549652316302e-02
1.3845077882406595e-03	4.0744179858060794e-03	-9.8621491051473109e-01	3.3512081657765552e-01	-1.5763262558219732e-01	5.3564363743121658e-02	9.2300519205839281e-04	2.7162786572309124e-03	3.1533599815381751e-02	-1.0715276784918529e-02
-2.7841253859004624e-02	9.2072213514753833e-03	1.8273882563148106e-03	5.5257488817896964e-03	1.2426429702762554e-02	3.7575656678614330e-02	-1.8560835906006271e-02	6.1381475676636574e-03	-1.1431248400198877e-02	-3.4566377747548498e-02
-7.0515252781430835e-03	-2.1922800373182852e-02	1.1993284413234271e+00	-3.8576708226540024e-01	2.4695956485295201e-01	-7.9435180143071354e-02	-4.7010168519726371e-03	-1.4615200248766873e-02	-4.1267924861089336e-02	1.3273934299325855e-02
3.5956435484346405e-02	-1.1241722095866989e-02	5.7506691746065014e-02	1.8393406558449035e-01	-1.1309432943929713e-02	-3.6173006824931436e-02	2.3970956989639136e-02	-7.4944813973278571e-03	1.4713644351483649e-02	4.7061312767833659e-02
2.1864409856907362e-02	7.1995775211868882e-02	-1.3715919512997801e+00	4.1653900689589224e-01	-3.9660488089723756e-01	1.2044500773454772e-01	1.4576273237891487e-02	4.7997183474522004e-02	5.9278396086795929e-02	-1.8002266790502579e-02
-3.6207381450926543e-02	1.0673080312924672e-02	-1.6493195782480305e-01	-5.5951554872473597e-01	1.3553592277561019e-03	4.5979239002189223e-03	-2.4138254300723649e-02	7.1153868753317433e-03	-2.2693869787925702e-02	-7.6986735595923006e-02
-7.3970815168314386e-02	-2.5872476117536097e-01	1.3609874370029098e+00	-3.8911370316080218e-01	6.5427432035743072e-01	-1.8706058324874417e-01	-4.9313876778845536e-02	-1.7248317411686553e-01	-1.0561587376212858e-01	3.0196152169487241e-02
-9.9917214624424489e-02	2.7684653247817610e-02	3.8944775111713681e-01	1.4055633826873730e+00	7.7631530280295694e-02	2.8018145162096225e-01	-6.6611476416134671e-02	1.8456435498605088e-02	5.5644625400584360e-02	2.0082808966978891e-01
3.9301290656965049e-01	1.4649010069423527e+00	-9.5167325847345996e-01	2.5532092100672893e-01	-4.9207292454026902e-01	1.3201643679574596e-01	2.6200860437985635e-01	9.7660067129482409e-01	2.6836840563494990e-01	-7.1999573104208361e-02
7.7605608777870828e-14	2.3757516371763746e-14	-9.9135269134298862e-12	2.5468370219900715e-12	-6.9087167964797103e-01	-2.6619571050960698e+00	4.5089969508338893e-14	2.2463107671928147e-14	-1.2701649756295669e-01	-4.8939980854952669e-01
-3.6899197991288213e-01	-1.4711352839323826e+00	9.5572335789053597e-01	-2.3971572076082362e-01	-4.9416707214082367e-01	1.2394759966073191e-01	-2.4599465327531192e-01	-9.8075685595493034e-01	2.6951051897121520e-01	-6.7598963261941647e-02
1.0076953415808428e-01	-2.4400630920253054e-02	-3.4325049118347717e-01	-1.4175531996732633e+00	6.8422685265029745e-02	2.8257147143199796e-01	6.7179689438659998e-02	-1.6267087280091019e-02	4.9043921673573604e-02	2.0254120490226893e-01
6.1186691760954814e-02	2.6204269173789674e-01	-1.3784409724945177e+00	3.2186451033913999e-01	6.6266484606285847e-01	-1.5473154131262390e-01	4.0791127840677566e-02	1.7469512782528232e-01	-1.0697030977724258e-01	2.4977454284652350e-02
3.6827911519036784e-02	-8.2821523801690933e-03	1.2798475809924889e-01	5.6910464913838976e-01	1.0517386903693957e-03	4.6767241265395264e-03	2.4551941012745188e-02	-5.5214349200288964e-03	-1.7610107053809894e-02	-7.8306151183809042e-02
-1.5907706554935716e-02	-7.3541749631784822e-02	1.4010443195194706e+00	-3.0305781606571197e-01	-4.0512122788778165e-01	8.7631171134290933e-02	-1.0605137703304781e-02	-4.9027833087856985e-02	6.0551288616667767e-02	-1.3097759315243989e-02
-3.6885176871871483e-02	7.6632431486215059e-03	-3.9201090185159798e-02	-1.8868501426003087e-01	-7.7094002481871383e-03	-3.7107342185664159e-02	-2.4590117914599089e-02	5.1088287657077144e-03	1.0029978834774567e-02	4.8276889026824650e-02
4.4998318079695161e-03	2.2585054763045811e-02	-1.2355583253638065e+00	2.4617184353846852e-01	2.5441983686083541e-01	-5.0690444152971456e-02	2.9998878719386000e-03	1.5056703175344554e-02	-4.2514565962203314e-02	8.4705746657679180e-03
2.8804851616695264e-02	-5.4944394435775994e-03	-1.0904997394475581e-03	-5.7169973641967150e-03	7.4155124883560561e-03	3.8876166278623621e-02	1.9203234411060713e-02	-3.6629596290507081e-03	-6.8216348193326521e-03	-3.5762734920100465e-02
-7.7168129768023395e-04	-4.2334680480384315e-03	1.0247130596744050e+00	-1.8678585802473072e-01	-1.6378601493586864e-01	2.9855100444854243e-02	-5.1445419848010921e-04	-2.8223120319707264e-03	3.2764553858556804e-02	-5.9723600312883351e-03
-2.1990493146241366e-02	3.8228375988518309e-03	1.8128994590460534e-02	1.0428523464399829e-01	-5.8790027107810455e-03	-3.3818377724015178e-02	-1.4660328764145738e-02	2.5485583992923230e-03	4.9681078618403225e-03	2.8578546083866299e-02
-4.9769132518483910e-04	-3.0085842346318442e-03	-8.1953722927713180e-01	1.3557094734366890e-01	1.0703440571829657e-01	-1.7706036123435617e-02	-3.3179421668288225e-04	-2.0057228231167507e-03	-2.6470524696855742e-02	4.3788542582883097e-03
1.6955032205907591e-02	-2.6624460794170074e-03	-2.3274182887736493e-02	-1.4821503326578311e-01	4.3260605256450670e-03	2.7549289369294974e-02	1.1303354803935989e-02	-1.7749640529949404e-03	-3.7126567700685158e-03	-2.3643001294694804e-02
8.5611112422611854e-04	5.7589519445644171e-03	6.4087142281674025e-01	-9.5270307599551768e-02	-7.0762094828020386e-02	1.0519312139895686e-02	5.7074074946870197e-04	3.8393012963769454e-03	2.1956135959609092e-02	-3.2639430732967411e-03
-1.3303132000188553e-02	1.8665010682922790e-03	2.2613207486592662e-02	1.6117133717451282e-01	-3.0573930003136695e-03	-2.1790987482478583e-02	-8.8687546668365300e-03	1.2443340454737085e-03	2.7935590211234373e-03	1.9910561216988934e-02
-8.6462014652972940e-04	-6.5515185999370533e-03	-4.9482397962447683e-01	6.5303150650233954e-02	4.7326516142165181e-02	-6.2457979847981892e-03	-5.7641343110059555e-04	-4.3676790666272143e-03	-1.8500653229795952e-02	2.4415771643897313e-03
1.0635865033023139e-02	-1.3152050930781629e-03	-1.9477812994738445e-02	-1.5751413990086091e-01	2.1038645102079588e-03	1.7013635309974025e-02	7.0905766887156213e-03	-8.7680339534709339e-04	-2.0947293404288436e-03	-1.6939760295610565e-02
7.4723481303629307e-04	6.4774484379099412e-03	3.8010046964922756e-01	-4.3848174010489210e-02	-3.2069042032477520e-02	3.6994664486154623e-03	4.9815654212343244e-04	4.3182989586132443e-03	1.5745247920893005e-02	-1.8163628751964871e-03
-8.6552900963881817e-03	9.2678213046423080e-04	1.5614163119113001e-02	1.4582187124982005e-01	-1.4168221557861827e-03	-1.3231811240814361e-02	-5.7701933975333741e-03	6.1785475360206035e-04	1.5533187959443657e-03	1.4506564190102987e-02
-5.9643093202803375e-04	-6.0362016195908289e-03	-2.9225339012779195e-01	2.8877261942839669e-02	2.2061497769356897e-02	-2.1798742869434048e-03	-3.9762062140023905e-04	-4.0241344130731906e-03	-1.3489542500654829e-02	1.3328880171252766e-03
7.1537875400595934e-03	-6.4780673523486259e-04	-1.1863942786931791e-02	-1.3101458642322322e-01	9.3334376545034948e-04	1.0306999025488423e-02	4.7691916933756571e-03	-4.3187115676000798e-04	-1.1300250133665206e-03	-1.2478967370650481e-02
4.4962385278808268e-04	5.4624352554948994e-03	2.2603016568127982e-01	-1.8604988313697852e-02	-1.5440220988835025e-02	1.2709150121626544e-03	2.9974923517888053e-04	3.6416235036653036e-03	1.1610540408701358e-02	-9.5568649429069970e-04
-5.9899395683248981e-03	4.4373873163712914e-04	8.5753241537815314e-03	1.1575656020842126e-01	-5.9775837189375667e-04	-8.0690189832071015e-03	-3.9932930455614784e-03	2.9582582106451303e-04	7.9785949993169147e-04	1.0770143923876541e-02
-3.2048491399880254e-04	-4.8662031418639637e-03	-1.7651522607744971e-01	1.1625177409560653e-02	1.1013014606913589e-02	-7.2530994431913899e-04	-2.1365660929914396e-04	-3.2441354278906942e-03	-1.0026662208462872e-02	6.6034937878609739e-04
5.0680328481876721e-03	-2.9215623361419609e-04	-5.8437494479026339e-03	-1.0137150645136092e-01	3.6673969937819402e-04	6.3618325628541752e-03	3.3786885654892964e-03	-1.9477082244455211e-04	-5.3718339173372358e-04	-9.3185183340809691e-03
2.1246857900711287e-04	4.2973175417812355e-03	1.3957392416433229e-01	-6.9008322312521086e-03	-8.0151534486949411e-03	3.9628626531541073e-04	1.4164571940400935e-04	2.8648783611941249e-03	8.6803542412578882e-03	-4.2917525100648183e-04
-4.3231287878448153e-03	1.7830327706911721e-04	3.6467796212953166e-03	8.8419548589183924e-02	-2.0857693575311443e-04	-5.0571409850001699e-03	-2.8820858586490090e-03	1.1886885134654376e-04	3.3317590277099398e-04	8.0781590193116804e-03
-1.2480783059883263e-04	-3.7761661430176247e-03	-1.1193403416498478e-01	3.6995852975584831e-03	5.9548852022919827e-03	-1.9681775950414763e-04	-8.3205220423660255e-05	-2.5174440953917741e-03	-7.5290209793482648e-03	2.4884523017252306e-04
3.7107803199867414e-03	-9.2262390219111938e-05	-1.9156713972398336e-03	-7.7048056828192421e-02	1.0081916037468769e-04	4.0549335777377181e-03	2.4738535465739036e-03	-6.1508260137310640e-05	-1.7438129409579262e-04	-7.0135920106445390e-03
5.5186744443985335e-05	3.3088482926719454e-03	9.1103926269434171e-02	-1.5194789519079139e-03	-4.5149789754738850e-03	7.5303181247973411e-05	3.6791162958508342e-05	2.2058988618131182e-03	6.5399639738559518e-03	-1.0907698401840000e-04
-3.2001337014658121e-03	2.7188187089757048e-05	5.7090808532867595e-04	6.7197582407936177e-02	-2.7862212507343264e-05	-3.2794655695771524e-03	-2.1334224675846284e-03	1.8125458064810682e-05	5.1797524100409026e-05	6.0967262041727215e-03
-9.1043276752070298e-07	-2.8947151146739786e-03	-7.5234565108191223e-02	2.3663493822934825e-05	3.4899011187715010e-03	-1.0976774647861364e-06	-6.0695505518134127e-07	-1.9298100764854145e-03	-5.6873766806758951e-03	1.7888039915266932e-06
2.7693692814032881e-03	2.1786261281298464e-05	4.6192804971350454e-04	-5.8718102381772511e-02	-2.1038072523906562e-05	2.6742601187583659e-03	1.8462461875928258e-03	1.4524174034001291e-05	4.1732922698384528e-05	-5.3048945224790141e-03
-4.0607000273859141e-05	2.5301398051414052e-03	6.2977506870915231e-02	1.0107465670014012e-03	-2.7457274573751216e-03	-4.4067076686743026e-05	-2.7071333567932376e-05	1.6867598700798991e-03	4.9504579890957828e-03	7.9451473094753038e-05
-2.4027093333524865e-03	-5.8227059279096555e-05	-1.2463885287013186e-03	5.1431595099416257e-02	5.3254686056591185e-05	-2.1975277689018960e-03	-1.6018062222650654e-03	-3.8818039464386959e-05	-1.1194946031744156e-04	4.6195370681743680e-03
7.1664770116367931e-05	-2.2103909622978595e-03	-5.3360624952365036e-02	-1.7300445644315564e-03	2.1945611893976606e-03	7.1151502516727296e-05	4.7776513361923580e-05	-1.4735939747781027e-03	-4.3121683976690608e-03	-1.3980806641495448e-04
2.0884619563814712e-03	8.4820661953504263e-05	1.8342639883162288e-03	-4.5163401098918018e-02	-7.3853085832379045e-05	1.8184168666585535e-03	1.3923079709427120e-03	5.6547108064977417e-05	1.6348244651687028e-04	-4.0252790399423061e-03
-9.4232784042754591e-05	1.9305421292726032e-03	4.5687921733840467e-02	2.2300998694248044e-03	-1.7781987583637821e-03	-8.6796699875301838e-05	-6.2821855975090342e-05	1.2870280861633006e-03	3.7583741451048861e-03	1.8345215673403172e-04
-1.8177397619209836e-03	-1.0363981583743515e-04	-2.2667269467139570e-03	3.9756154336226805e-02	8.6328515003610115e-05	-1.5141169707030241e-03	-1.2118265078711354e-03	-6.9093210582524790e-05	-2.0008334111210638e-04	3.5092640032594285e-03
1.0996674927049885e-04	-1.6858927918941616e-03	-3.9462593179028567e-02	-2.5740496080157481e-03	1.4576849418535512e-03	9.5081266639679771e-05	7.3311166222702069e-05	-1.1239285280094605e-03	-3.2772363285102136e-03	-2.1376624847992706e-04
1.5836185393806725e-03	1.1631393207183133e-04	2.5761468731741524e-03	-3.5074330281781994e-02	-9.3109528544550025e-05	1.2676895144313376e-03	1.0557456928434450e-03	7.7542621360788083e-05	2.2479990665993945e-04	-3.0606589300369719e-03
-1.2024263935131174e-04	1.4721420949198592e-03	3.4329852280896710e-02	2.8040181992409117e-03	-1.2066195170517906e-03	-9.8555131098007986e-05	-8.0161759635698061e-05	9.8142806334140342e-04	2.8587610866703888e-03	2.3349989097719003e-04
-1.3805790472882359e-03	-1.2414195594131024e-04	-2.7878993262490017e-03	3.1004151164968890e-02	9.5897707669805304e-05	-1.0664757437536753e-03	-9.2038603157035552e-04	-8.2761303834676876e-05	-2.4011198025597578e-04	2.6702784501639962e-03
1.2619669224757764e-04	-1.2854409928310419e-03	-3.0035356498475971e-02	-2.9486858382467692e-03	1.0068534055828720e-03	9.8846650059994788e-05	8.4131128275290087e-05	-8.5696066183324200e-04	-2.4944595365302053e-03	-2.4489067242431008e-04
1.2041337788680862e-03	1.2816889173493262e-04	2.9219456943580897e-03	-2.7451380642730359e-02	-9.5896637988058858e-05	9.0093910058291148e-04	8.0275585268889166e-04	8.5445927720900419e-05	2.4803823991996759e-04	-2.3302940530251798e-03
-1.2876240278860752e-04	1.1223857957587016e-03	2.6395484119332478e-02	3.0281448724742864e-03	-8.4571018512155530e-04	-9.7021632675714097e-05	-8.5841601797931048e-05	7.4825719708900115e-04	2.1770848986500044e-03	2.4975967419759842e-04
-1.0505721724024669e-03	-1.2924028420041551e-04	-2.9940908789378696e-03	2.4338455936459637e-02	9.3965559174296492e-05	-7.6383005812009105e-04	-7.0038144836165805e-04	-8.6160189556033063e-05	-2.5022116975654000e-04	2.0340052145095509e-03
1.2870413981398216e-04	-9.7998660212253778e-04	-2.3276307646883123e-02	-3.0569361241195750e-03	7.1418210738045300e-04	9.3795335296959664e-05	8.5802759777941492e-05	-6.5332440136420559e-04	-1.9004254372339661e-03	-2.4958769536526462e-04
9.1678464345254886e-04	1.2804182024250471e-04	3.0169641844115407e-03	-2.1601583647573419e-02	-9.0723394509209214e-05	6.4958311890202258e-04	6.1118976231181149e-04	8.5361213637797053e-05	2.4799533690006702e-04	-1.7756566101293041e-03
-1.2664510968311485e-04	8.5562610499662615e-04	2.0578859176867619e-02	3.0459712019296936e-03	-6.0575164043810941e-04	-8.9660074875052886e-05	-8.4430072978597195e-05	5.7041740342752070e-04	1.6591387604790371e-03	2.4557669380026058e-04
-8.0013697107910744e-04	-1.2512970760016474e-04	-3.0007476907306686e-03	1.9188164850437697e-02	8.6619112193811728e-05	-5.5388255450003671e-04	-5.3342464732505576e-04	-8.3419805164690924e-05	-2.4244268559938493e-04	1.5502902520800638e-03
1.2309174403789079e-04	-7.4701743438041726e-04	-1.8228844810500223e-02	-3.0037047137920223e-03	5.1561506766204792e-04	8.4961796726111343e-05	8.2061162693527825e-05	-4.9801162302632413e-04	-1.4486174277289670e-03	-2.3869968851201665e-04
6.9837963672001325e-04	1.2095409968102599e-04	2.9537274117325458e-03	-1.7054592085957384e-02	-8.1980197662041924e-05	4.7334728011316882e-04	4.6558642443578853e-04	8.0636066356350446e-05	2.3443760204159487e-04	-1.3536245526701868e-03
-1.1845335042111004e-04	6.5216394513393095e-04	1.6169502415336618e-02	2.9368875501279632e-03	-4.4016661641189378e-04	-7.9948029572655550e-05	-7.8968900327052827e-05	4.3477596343283745e-04	1.2648787112004745e-03	2.2974151899423013e-04
-6.0957937031469141e-04	-1.1587809315564134e-04	-2.8826933805039924e-03	1.5164476546796635e-02	7.7046010733605920e-05	-4.0530235560936229e-04	-4.0638624691026633e-04	-7.7252062089016313e-05	-2.2468381895811691e-04	1.1819544503836449e-03
1.1305925953405994e-04	-5.6932300332715544e-04	-1.4356632816155630e-02	-2.8510176028218558e-03	3.7665161722185802e-04	7.4797510209578452e-05	7.5372839697753193e-05	-3.7954866884839399e-04	-1.1044732939186855e-03	-2.1933229489218772e-04
5.3206735317297969e-04	1.1019290843906841e-04	2.7932454231790397e-03	-1.3487206583110090e-02	-7.1991397422235646e-05	3.4761100672556439e-04	3.5471156876256711e-04	7.3461938929730142e-05	2.1374475959503678e-04	-1.0320682537557704e-03
-1.0717240170022240e-04	4.9697356135454168e-04	1.2755152070157656e-02	2.7506505490741784e-03	-3.2293077595061786e-04	-6.9640072676065460e-05	-7.1448267811601235e-05	3.3131570751012026e-04	9.6440904007996002e-04	2.0797493314936281e-04
-4.6439780585912739e-04	-1.0413060240577360e-04	-2.6900157337985484e-03	1.1996834066282599e-02	6.6943313764378085e-05	-2.9855134799607047e-04	-3.0959853725329579e-04	-6.9420401524552616e-05	-2.0206855335192926e-04	9.0117790240329724e-04
1.0100132220821523e-04	-4.3378791075151038e-04	-1.1336679447749421e-02	-2.6395833366598749e-03	2.7731747710094015e-04	6.4569400068959729e-05	6.7334214737079927e-05	-2.8919194048435077e-04	-8.4208690186851111e-04	-1.9606789347838282e-04
4.0531538306333534e-04	9.7874381710943729e-05	2.5768454652176477e-03	-1.0671178271717329e-02	-6.1992985489312143e-05	2.5672404949618358e-04	2.7021025540967513e-04	6.5249587851803082e-05	1.9000870982623241e-04	-7.8686013042170025e-04
-9.4709515941300524e-05	3.7860680433675657e-04	1.0077851794669298e-02	2.5210024952688433e-03	-2.3846407911819623e-04	-5.9652448893517949e-05	-6.3139677214377153e-05	2.5240453620547360e-04	7.3524672140300922e-04	1.8392397486846192e-04
-3.5372780534602465e-04	-9.1567376993091068e-05	-2.4569156406365161e-03	9.4911475931610707e-03	5.7204672964641563e-05	-2.2098357087224488e-04	-2.3581853690729575e-04	-6.1044918022999057e-05	-1.7784122147851446e-04	6.8700655865454308e-04
8.8423864787755705e-05	-3.3041797909954114e-04	-8.9591262292964772e-03	-2.3975703972074799e-03	2.0528095273221377e-04	5.4935662502432933e-05	5.8949243195912431e-05	-2.2027865282193591e-04	-6.4192116244310567e-04	-1.7178588162609454e-04
3.0868374333825046e-04	8.5319777469654141e-05	2.3328566081394120e-03	-8.4401862673912746e-03	-5.2622300112079839e-05	1.9038547647548185e-04	2.0578916215014547e-04	5.6879851591036677e-05	1.6577873255007168e-04	-5.9978117865715490e-04
-8.2241022479984441e-05	2.8833729608516322e-04	7.9639304117176714e-03	2.2715131261150053e-03	-1.7687808689762668e-04	-5.0450076253819007e-05	-5.4827348324033912e-05	1.9222486406712754e-04	5.6039639469315219e-04	1.5983911353301190e-04
-2.6935355592605753e-04	-7.9214942247123876e-05	-2.2068311436881406e-03	7.5038607872822969e-03	4.8274327613368311e-05	-1.6414660145444045e-04	-1.7956903730959332e-04	-5.2809961489634575e-05	-1.5398227219709179e-04	5.2358398540827981e-04
7.6233350535422710e-05	-2.5159248486458124e-04	-7.0780433141826200e-03	-2.1446698167177356e-03	1.5252208196473617e-04	4.6214679776706857e-05	5.0822233706248949e-05	-1.6772832320488320e-04	-4.8917840926552126e-04	-1.4822264921823719e-04
2.3501353424238723e-04	7.3314349302177199e-05	2.0806076379379966e-03	-6.6695113279652898e-03	-4.4177548321958395e-05	1.4161375509602034e-04	1.5667568958604200e-04	4.8876232846788086e-05	1.4257097884913845e-04	-4.5701977503339361e-04
-7.0453243365377368e-05	2.1950885426252607e-04	6.2891451510608551e-03	2.0185554872865284e-03	-1.3160411083735365e-04	-4.2239476748042960e-05	-4.6968828917885180e-05	1.4633923614175315e-04	4.2696407944883331e-04	1.3703778909811593e-04
-2.0503179581461819e-04	-6.7661843645252441e-05	-1.9556168269588173e-03	5.9259941751247406e-03	4.0339913643593128e-05	-1.2223973975532254e-04	-1.3668786393638966e-04	-4.5107895815587054e-05	-1.3163014472371523e-04	3.9887128963612967e-04
6.4937308351161965e-05	-1.9149697120660847e-04	-5.5864775080821201e-03	-1.8943939397574737e-03	1.1361552641140667e-04	3.8527419849804675e-05	4.3291538863554726e-05	-1.2766464742593417e-04	-3.7261622140210556e-04	-1.2635547705589994e-04
1.7885673081792888e-04	6.2287051299570923e-05	1.8330037729522286e-03	-5.2634536747073685e-03	-3.6762784671643401e-05	1.0556400265339749e-04	1.1923782047828565e-04	4.1524700943779254e-05	1.2121787456352256e-04	-3.4807605559180872e-04
-5.9709248882765695e-05	1.6704181044120060e-04	4.9605885419108488e-03	1.7731675124188194e-03	-9.8129132055721483e-05	-3.5076359935440313e-05	-3.9806165936531109e-05	1.1136120704863416e-04	3.2514206433213711e-04	1.1622234711279937e-04
-1.5600642725678327e-04	-5.7208309834560147e-05	-1.7136687145293599e-03	4.6731564039271655e-03	3.3442617615912856e-05	-9.1197662905349037e-05	-1.0400428477440747e-04	-3.8138873186283180e-05	-1.1137057819832577e-04	3.0370635728021138e-04
5.4782809236370979e-05	-1.4569339091429243e-04	-4.4031322808613460e-03	-1.6556404636430091e-03	8.4784492364759498e-05	3.1880176912094274e-05	3.6521872928743644e-05	-9.7128927340521656e-05	-2.8367461588884240e-04	-1.0666571664112498e-04
1.3606006813991233e-04	5.2435000003451282e-05	1.5983053822605097e-03	-4.1473347924250621e-03	-3.0372325133570566e-05	7.8811097641790366e-05	9.0706712094751812e-05	3.4956666594900794e-05	1.0210750419424843e-04	-2.6495189875866897e-04
-5.0163649523798841e-05	1.2705851870610158e-04	3.9067128205772109e-03	1.5423998850961781e-03	-7.3276355812547551e-05	-2.8930061697789312e-05	-3.3442433148259003e-05	8.4705679125826223e-05	2.4745651869487661e-04	9.7697693235808164e-05
-1.1864989434585804e-04	-4.7969543812554749e-05	-1.4874313506954334e-03	3.6790761992907574e-03	2.7542294209062723e-05	-6.8124285794645342e-05	-7.9099929603360634e-05	-3.1979695833832279e-05	-9.3434461250007305e-05	2.3110476132593680e-04
4.5851421901358940e-05	-1.1079365380857449e-04	-3.4647562880193395e-03	-1.4338722017627505e-03	6.3345349948231740e-05	2.6215158796117639e-05	3.0567614575040273e-05	-7.3862435825091286e-05	-2.1582603203410133e-04	-8.9318551384173333e-05
1.0345475234890895e-04	4.3808976896804496e-05	1.3814167470741223e-03	-3.2622103490157098e-03	-2.4941211859781811e-05	5.8898576543113975e-05	6.8969834883846244e-05	2.9205984615815546e-05	8.5346876497895049e-05	-2.0154634342480564e-04
-4.1840943455277220e-05	9.6598617804766410e-05	3.0714079513659283e-03	1.3303571319885589e-03	-5.4770489124904932e-05	-2.3723423291051251e-05	-2.7893962284520915e-05	6.4399078550683432e-05	1.8820485701812387e-04	8.1519492691132863e-05
-9.0193934625878205e-05	-3.9946288540022875e-05	-1.2805071283551559e-03	2.8912323528897743e-03	2.2556678671197375e-05	-5.0930289427442985e-05	-6.0129289749568732e-05	-2.6630859058985271e-05	-7.7832287577738650e-05	1.7573600087510520e-04
3.8123664538128844e-05	-8.4211149691821327e-05	-2.7214445858843978e-03	-1.2320386802537632e-03	4.7363038682885366e-05	2.1441956190781729e-05	2.5415776344093236e-05	-5.6140766555118868e-05	-1.6408753787545079e-04	-7.4284901011304136e-05
7.8622329652484869e-05	3.6371465419967948e-05	1.1848450161924087e-03	-2.5612180357587142e-03	-2.0375702195385331e-05	4.4045099276109912e-05	5.2414886398500603e-05	2.4247643601628176e-05	7.0872378086896326e-05	-1.5320116385037660e-04
-3.4688356349684675e-05	7.3402107068033204e-05	2.4102018180036430e-03	1.1390133525435292e-03	-4.0961488308470634e-05	-1.9357583188914181e-05	-2.3125570934855494e-05	4.8934738072321572e-05	1.4303224085498637e-04	6.7594169721914044e-05
-6.8525673988971905e-05	-3.3072370916811850e-05	-1.0944872038231505e-03	2.2677688533143600e-03	1.8385060438956968e-05	-3.8093699891159232e-05	-4.5683782669984069e-05	-2.2048247228478883e-05	-6.4444618683450277e-05	1.3352872388212658e-04
3.1522154734786386e-05	-6.3971304787320668e-05	-2.1335106890498215e-03	-1.0512966563753997e-03	3.5427379744757400e-05	1.7456995177639474e-05	2.1014769767271574e-05	-4.2647536533326177e-05	-1.2465271090182775e-04	-6.1423181332652844e-05
5.9716909320533803e-05	3.0035424708325369e-05	1.0094207513419787e-03	-2.0069458412600260e-03	-1.6571585479709647e-05	3.2947881071205077e-05	3.9811272901536359e-05	2.0023616511242452e-05	5.8523596224503263e-05	-1.1635752939288029e-04
-2.8610915795691138e-05	5.5743855623890131e-05	1.8876436051079690e-03	9.6884656090229367e-04	-3.0641839531723234e-05	-1.5727142996309845e-05	-1.9073943841651460e-05	3.7162570374296284e-05	1.0861126569217119e-04	5.5745491411333022e-05
-5.2032505980999367e-05	-2.7246162092809484e-05	-9.2957605539060952e-04	1.7752293337525405e-03	1.4922371151304122e-05	-2.8497539910529735e-05	-3.4688337292584661e-05	-1.8164108067285038e-05	-5.3082068886562820e-05	1.0137183592183302e-04
2.5939966095171737e-05	-4.8566985453879227e-05	-1.6692665549092906e-03	-8.9156637643283509e-04	2.6502676133663074e-05	1.4155255680992558e-05	1.7293310720588994e-05	-3.2377990314828533e-05	-9.4612674497168345e-05	-5.0533275095753806e-05
4.5329734625922932e-05	2.4689665548014399e-05	8.5483850393024499e-04	-1.5694659693633957e-03	-1.3424923328091241e-05	2.4647884284843629e-05	3.0219823101855168e-05	1.6459777067327547e-05	4.8091810807581954e-05	-8.8295593317884414e-05
-2.3494234199146840e-05	4.2307244383239678e-05	1.4753973705750778e-03	8.1932432664955025e-04	-2.2921936818337284e-05	-1.2729113430161901e-05	-1.5662822814226896e-05	2.8204829603416274e-05	8.2398822974662531e-05	4.5758070630809393e-05
-3.9483807227816628e-05	-2.2350903549266725e-05	-7.8505831105967535e-04	1.3868388795349317e-03	1.2067271028195031e-05	-2.1317347009802382e-05	-2.6322538178612931e-05	-1.4900602344643408e-05	-4.3524266902845466e-05	7.6887454018484901e-05
2.1258798527823311e-05	-3.6848065881875961e-05	-1.3033688087699395e-03	-7.5195357275052916e-04	1.9823853669973849e-05	1.1436991172703578e-05	1.4172532379058121e-05	-2.4565377242013933e-05	-7.1744045113914038e-05	-4.1391362610851255e-05
3.4385844117934612e-05	2.0214996858700793e-05	7.2005875913855083e-04	-1.2248242661708274e-03	-1.0838032203671660e-05	1.8435557980271171e-05	2.2923896098106410e-05	1.3476664567014264e-05	3.9351068344380295e-05	-6.6936416062188755e-05
-1.9218870702313077e-05	3.2087643976772115e-05	1.1507954825459401e-03	6.8926865248051877e-04	-1.7143093293114741e-05	-1.0267851254326745e-05	-1.2812580422117309e-05	2.1391762647030427e-05	6.2451053645557698e-05	3.7405027194727859e-05
-2.9940639614773514e-05	-1.8267406541065426e-05	-6.5964358201324816e-04	1.0811692940211118e-03	9.7264660632470687e-06	-1.5941876178193294e-05	-1.9960426397792649e-05	-1.2178271103256105e-05	-3.5544416965580333e-05	5.8258012680257699e-05
1.7360205465220084e-05	-2.7937059661536674e-05	-1.0155449221481714e-03	-6.3106330581718403e-04	1.4823285664639054e-05	9.2112435689077954e-06	1.1573470326525924e-05	-1.8624706407352945e-05	-5.4347374552631355e-05	-3.3771670791157645e-05
2.6065158652787697e-05	1.6494092691455600e-05	6.0360253030889311e-04	-9.5385594856475385e-04	-8.7224859942861037e-06	1.3783897277213804e-05	1.7376772425090772e-05	1.0996061834151727e-05	3.2077380061717346e-05	-5.0690984881223841e-05
-1.5668988470989237e-05	2.4318668345045933e-05	8.9571091601261697e-04	5.7712442156516378e-04	-1.2815753383569578e-05	-8.2574457273885013e-06	-1.0445992342600715e-05	1.6212445557156362e-05	4.7282239330431530e-05	3.0464876075330504e-05
-2.2686781092834427e-05	-1.4881600264713503e-05	-5.5171692393416122e-04	8.4108477567597113e-04	7.8166773986084140e-06	-1.1916415769048105e-05	-1.5124520719352192e-05	-9.9210667936898218e-06	-2.8924094910566808e-05	4.4094369433917792e-05
1.4132153328616110e-05	-2.1164658218314176e-05	-7.8959068406895367e-04	-5.2722821359870765e-04	1.1078448971644725e-05	7.3973401189884344e-06	9.4214355326814683e-06	-1.4109772175958643e-05	-4.1123858458560984e-05	-2.7459378749308198e-05
1.9742201229152849e-05	1.3417149692730625e-05	5.0376312811251838e-04	-7.4124443524360847e-04	-7.0002783173688029e-06	1.0300312088355650e-05	1.3161467484777394e-05	8.9447664143367522e-06	2.6059918299895444e-05	-3.8344955321818672e-05
-1.2737209234235427e-05	1.8415829375990854e-05	6.9566311918540906e-04	4.8115220612824353e-04	-9.5750219513073835e-06	-6.6225200418064515e-06	-8.4914728662234748e-06	1.2277219525158962e-05	3.5757046439196913e-05	2.4731183165119916e-05
-1.7176039231330044e-05	-1.2088655432166459e-05	-4.5951676781013490e-04	6.5289997934732348e-04	6.2651783902818175e-06	-8.9018182809421051e-06	-1.1450692904117179e-05	-8.0591035734405874e-06	-2.3461513894989806e-05	3.3335056518191113e-05
1.1472496963879702e-05	-1.6020480536441207e-05	-6.1257077976133330e-04	-4.3867020835040794e-04	8.2740470050149798e-06	5.9251567850000295e-06	7.6483312838601418e-06	-1.0680320277570704e-05	-3.1081134983674821e-05	-2.2257634311581712e-05
1.4940047379695442e-05	1.0884775190562958e-05	4.1875458267730584e-04	-5.7476695315320143e-04	-5.6038805405143819e-06	7.6916780004629842e-06	9.9600316479072016e-06	7.2565169172911483e-06	2.1106908552577255e-05	-2.8970566398019722e-05
-1.0326980997588341e-05	1.3933489072507499e-05	5.3910196115929219e-04	3.9956276955595315e-04	-7.1483323149565593e-06	-5.2980839850457897e-06	-6.8846539280019457e-06	9.2889926563762173e-06	2.7008157339306764e-05	2.0017450443858477e-05
-1.2992003320600085e-05	-9.7948843406945284e-06	-3.8125769152382423e-04	5.0570324774330887e-04	5.0094909506314178e-06	-6.6446286632888469e-06	-8.6613354866261646e-06	-6.5299229770325470e-06	-1.8975505650091782e-05	2.5169253380654761e-05
9.2904648947326913e-06	-1.2115447840575340e-05	-4.7417656049534868e-04	-3.6361131006562813e-04	6.1743574317899632e-06	4.7346629376507198e-06	6.1936432192269774e-06	-8.0769653269746483e-06	-2.3461250019547045e-05	-1.7990729488029294e-05
1.1295148915348751e-05	8.8091021574456530e-06	3.4681219654159328e-04	-4.4468688233024789e-04	-4.4756704162974293e-06	5.7387600362000077e-06	7.5300992202684326e-06	5.8727348061144350e-06	1.7048083788150473e-05	-2.1859272131994631e-05
-8.3533654485729191e-06	1.0531976129085063e-05	4.1683118025700306e-04	3.3060739053534025e-04	-5.3317557728427855e-06	-4.2288531988238227e-06	-5.5689103971654913e-06	7.0213174886713455e-06	2.0373264577298444e-05	1.6158931007661091e-05
-9.8173010326358400e-06	-7.9182375884155411e-06	-3.1521180071497455e-04	3.9081069651894311e-04	3.9966214985725873e-06	-4.9551520103388833e-06	-6.5448673041949156e-06	-5.2788249855760151e-06	-1.5306765404623443e-05	1.8977858939954202e-05
7.5069016748926025e-06	-9.1530460547499594e-06	-3.6620814212363949e-04	-3.0034627978865042e-04	4.6029052087930353e-06	3.7750811365391655e-06	5.0046012222882926e-06	-6.1020307234213641e-06	-1.7685542847636140e-05	-1.4504843584571304e-05
8.5304666735194366e-06	7.1138055190465552e-06	2.8625745146171490e-04	-3.4326314040029340e-04	-3.5670349970879226e-06	4.2773792123722950e-06	5.6869778091254958e-06	4.7425369079864250e-06	1.3734981905376158e-05	-1.6470192215057066e-05
-6.7428612121228907e-06	7.9524712422219660e-06	3.2154300660736123e-04	2.7263530918386153e-04	-3.9725372893538545e-06	-3.3683019536054454e-06	-4.4952409110532517e-06	5.3016474675727498e-06	1.5346855728208364e-05	1.3012537880535740e-05
-7.4101207516609025e-06	-6.3879540955718172e-06	-2.5975954422275571e-04	3.0132523058852898e-04	3.1820779827801927e-06	-3.6912612877406922e-06	-4.9400805171994135e-06	-4.2586360512797112e-06	-1.2317417212077722e-05	1.4288393747400490e-05
6.0537727940456150e-06	-6.9073775948615959e-06	-2.8215616716519693e-04	-2.4728709376302768e-04	3.4274399623546933e-06	3.0038743145784722e-06	4.0358485013667916e-06	-4.6049183990880271e-06	-1.3312464204533798e-05	-1.1667312715556348e-05
6.4349549395861768e-06	5.7334788999225688e-06	2.3553683050351828e-04	-2.6435381298759944e-04	-2.8373387488982224e-06	3.1844758358509440e-06	4.2899699060893699e-06	3.8223192475962729e-06	1.1039955292664877e-05	-1.2390656490189016e-05
-5.4326722958292957e-06	5.9978286061855995e-06	2.4744229834097606e-04	2.2412718173401636e-04	-2.9561596159115272e-06	-2.6776170930767662e-06	-3.6217815527925795e-06	3.9985524388570701e-06	1.1543308471546022e-05	1.0455633605148204e-05
-5.5862841336580837e-06	-5.1437385694177380e-06	-2.1341838483230361e-04	2.3178032339741275e-04	2.5288178155573542e-06	-2.7463903236309754e-06	-3.7241894176743508e-06	-3.4291590083971781e-06	-9.8896115565501887e-06	1.0740480029342279e-05
4.8732649320139149e-06	-5.2064050158803755e-06	-2.1686407439580274e-04	-2.0298709305355427e-04	2.5487866428773805e-06	2.3856915425266291e-06	3.2488432851270731e-06	-3.4709366815217228e-06	-1.0005287729355297e-05	-9.3650691112553362e-06
4.8478967058334618e-06	4.6126715985355319e-06	1.9324194957396455e-04	-2.0309609144272532e-04	-2.2528733461927387e-06	2.3677560345797809e-06	3.2319311227620433e-06	3.0751143744876261e-06	8.8544731441545832e-06	-9.3060029781105852e-06
-4.3696952246720405e-06	4.5179356000485010e-06	1.8994315438558950e-04	1.8371142497852891e-04	-2.1967258001036214e-06	-2.1246547738885603e-06	-2.9131301285821943e-06	3.0119570672430294e-06	8.6686410402839256e-06	8.3842241306495305e-06
-4.2055603286191668e-06	-4.1347055047083169e-06	-1.7485579752837029e-04	1.7785253532365229e-04	2.0062161895824687e-06	-2.0405992970985517e-06	-2.8037068125651532e-06	-2.7564704007279503e-06	-7.9236264291825185e-06	8.0594178653553229e-06
3.9167023427318207e-06	-3.9191591145751204e-06	-1.6625565555574670e-04	-1.6615083007088708e-04	1.8925433219899880e-06	1.8913500446599757e-06	2.6111348055027579e-06	-2.6127727927247622e-06	-7.5073946422434103e-06	-7.5026738541869652e-06
3.6469477774945374e-06	3.7047790976364948e-06	1.5811664418092594e-04	-1.5564815571024278e-04	-1.7858568505943362e-06	1.7579764756889068e-06	2.4312984712703250e-06	2.4698527361397261e-06	7.0870965756961614e-06	-6.9764601926194568e-06
-3.5093970132231892e-06	3.3985370076112654e-06	1.4542435806452360e-04	1.5016869949621424e-04	-1.6297877586694933e-06	-1.6829581600840008e-06	-2.3395980351917515e-06	2.2656913781979999e-06	6.4988896943293389e-06	6.7108975742620799e-06
-3.1612206236783720e-06	-3.3182472086872766e-06	-1.4289150295218180e-04	1.3612986382639171e-04	1.5891049634520975e-06	-1.5139082730188618e-06	-2.1074804225434861e-06	-2.2121648081610002e-06	-6.3357762238067601e-06	6.0359608031880258e-06
3.1434129574149976e-06	-2.9459767033013876e-06	-1.2711563139226821e-04	-1.3563416946929530e-04	1.4028830066670720e-06	1.4968959172378967e-06	2.0956086142445084e-06	-1.9639844358591262e-06	-5.6233578746929014e-06	-6.0002147033877177e-06
2.7390116096893070e-06	2.9709103909289232e-06	1.2905526236597827e-04	-1.1898137810153601e-04	-1.4135183416252306e-06	1.3031810493615942e-06	1.8260077455754990e-06	1.9806069244419368e-06	5.6613681970520725e-06	-5.2194548900527382e-06
-2.8146914374378560e-06	2.5527077109209259e-06	1.1103260036274418e-04	1.2242847295436347e-04	-1.2069865419390756e-06	-1.3308660727917791e-06	-1.8764609365869296e-06	1.7018051862600788e-06	4.8635616737280186e-06	5.3627224974808793e-06
-2.3720682498443691e-06	-2.6589173721118880e-06	-1.1649260362442866e-04	1.0392544052071606e-04	1.2569068952813972e-06	-1.1213123270605572e-06	-1.5813789015338644e-06	-1.7726116269475211e-06	-5.0563182967357079e-06	4.5108397316237935e-06
2.5196299051270854e-06	-2.2110514955069689e-06	-9.6913277425326661e-05	-1.1043803794762025e-04	1.0379168564310392e-06	1.1827636315618406e-06	1.6797532816622837e-06	-1.4740343174923170e-06	-4.2044682221133019e-06	-4.7912366371593402e-06
2.0532777387141981e-06	2.3788024483942506e-06	1.0509531461797255e-04	-9.0713380683783931e-05	-1.1172839020645013e-06	9.6438751221037720e-07	1.3688518523585505e-06	1.5858683885698774e-06	4.5137632966819603e-06	-3.8960755235512178e-06
-2.2548758218949874e-06	1.9143465768743383e-06	8.4524479513083949e-05	9.9560574099056613e-05	-8.9203944186307450e-07	-1.0507247196627823e-06	-1.5032505280735610e-06	1.2762310255703329e-06	3.6329758209750786e-06	4.2792346841905262e-06
-1.7763574435821723e-06	-2.1273864600318372e-06	-9.4764318232363044e-05	7.9128020530970186e-05	9.9287414823498354e-07	-8.2904789018435598e-07	-1.1842383255773819e-06	-1.4182577200987320e-06	-4.0274693427199424e-06	3.3629238752199621e-06
2.0174726624887663e-06	-1.6567525231993111e-06	-7.3660963555581064e-05	-8.9698306591213511e-05	7.6622007246910721e-07	9.3304022483229766e-07	1.3449817247285786e-06	-1.1045016260683508e-06	-3.1376629719930903e-06	-3.8208024546106435e-06
1.5359109184497658e-06	1.9018221969055697e-06	8.5406775430235324e-05	-6.8974212875841948e-05	-8.8206737766674762e-07	7.1235460554187771e-07	1.0239405394801184e-06	1.2678814920456142e-06	3.5917862158862202e-06	-2.9007189122981251e-06
-1.8046627239047536e-06	1.4332141391639905e-06	6.4139922577074310e-05	8.0763845732137872e-05	-6.5773142348336446e-07	-8.2820368114006153e-07	-1.2031085183873979e-06	9.5547613342886181e-07	2.7085809763122187e-06	3.4105839928492521e-06
-1.3271554034510722e-06	-1.6994942172850743e-06	-7.6938256848628427e-05	6.0082271746614243e-05	7.8343029231238360e-07	-6.1179272463539021e-07	-8.8477025142635240e-07	-1.1329960676742630e-06	-3.2015919186265516e-06	2.5001676792441746e-06
1.6140317441672395e-06	-1.2392904585099776e-06	-5.5800958487242288e-05	-7.2673585359175384e-05	5.6422582896477352e-07	7.3483170252478588e-07	1.0760212423429096e-06	-8.2619365312845708e-07	-2.3370605175161415e-06	-3.0437341427420336e-06
1.1460005283195808e-06	1.5180722041076175e-06	6.9279672112555713e-05	-5.2299327218296060e-05	-6.9566201661373829e-07	5.2515636396073014e-07	7.6400038599074419e-07	1.0120480630249978e-06	2.8522534546605706e-06	-2.1531749900761831e-06
-1.4433200796303752e-06	1.0711493203804474e-06	4.8501017901524008e-05	6.5353389408787709e-05	-4.8365724054317102e-07	-6.5171087052585106e-07	-9.6221342777233076e-07	7.1409952441283967e-07	2.0155548723214308e-06	2.7158751772549922e-06
-9.8880529373022477e-07	-1.3554096955810433e-06	-6.2359605533554089e-05	4.5493149069794892e-05	6.1760954742840336e-07	-4.5056408570518894e-07	-6.5920354178318943e-07	-9.0360647561992510e-07	-2.5395776045367752e-06	1.8526912881537812e-06
1.2905654559733858e-06	-9.2541443806873961e-07	-4.2115066411893629e-05	-5.8732172750291990e-05	4.1426870421592810e-07	5.7772437764279055e-07	8.6037696435729377e-07	-6.1694292312447184e-07	-1.7374905168401743e-06	-2.4230554666126998e-06
8.5247229741910563e-07	1.2096051757124412e-06	5.6111097485584098e-05	-3.9544188556839907e-05	-5.4822500267423437e-07	3.8636059056100786e-07	5.6831487151240747e-07	8.0640346401896527e-07	2.2597780230666843e-06	-1.5925785772419371e-06
-1.1539228798072808e-06	7.9918469813601802e-07	3.6531350837059680e-05	5.2747428274356397e-05	-3.5452570616289749e-07	-5.1189784225564463e-07	-7.6928184527215284e-07	5.3278979045089218e-07	1.4971490987887586e-06	2.1617125156804493e-06
-7.3422864220338778e-07	-1.0788988690086319e-06	-5.0474156364363682e-05	3.4349688064406571e-05	4.8658412135992868e-07	-3.3113994468482936e-07	-4.8948572781935967e-07	-7.1926592037165368e-07	-2.0094318623833899e-06	1.3674946732707457e-06
1.0318054742509123e-06	-6.8989392770690325e-07	-3.1652664051421613e-05	-4.7339000075395211e-05	3.0311481579379202e-07	4.5333157139543630e-07	6.8787034673631231e-07	-4.5992927397089407e-07	-1.2895516939434551e-06	-1.9286373325498827e-06
6.3173115346472013e-07	9.6174116824405167e-07	4.5392409612610407e-05	-2.9816304312944612e-05	-4.3184504939305683e-07	2.8366034252544689e-07	4.2115406129341110e-07	6.4116068998431900e-07	1.7854527389164439e-06	-1.1727905067359040e-06
-9.2271270626697325e-07	5.9534961600421434e-07	2.7391842044471685e-05	4.2454466550532762e-05	-2.5888548708519732e-07	-4.0124521673545460e-07	-6.1514183501796438e-07	3.9689974230823956e-07	1.1103704580436010e-06	1.7209434049194018e-06
-5.4286603976157894e-07	-8.5668741102846852e-07	-4.0815798107135740e-05	2.5864417145777124e-05	3.8326947570416683e-07	-2.4287259944265032e-07	-3.6191068554272745e-07	-5.7112491139303162e-07	-1.5850526777349203e-06	1.0044222828985376e-06
8.2536907411472396e-07	-5.1360175344463465e-07	-2.3673528954076549e-05	-3.8043110222023018e-05	2.2085716312463919e-07	3.5491510993758521e-07	5.5024604120708439e-07	-3.4240112558874253e-07	-9.5583858808114345e-07	-1.5360362253731824e-06
4.6586152330951609e-07	7.6247276774640205e-07	3.6697108431643707e-05	-2.2421248225263811e-05	-3.4018272094949634e-07	2.0784535449052396e-07	3.1057431531174861e-07	5.0831512521177379e-07	1.4057203648415140e-06	-8.5887271861191733e-07
-7.3855984431717152e-07	4.4299733989309922e-07	2.0429834885553117e-05	3.4061166651454482e-05	-1.8816734036565752e-07	-3.1371762954367838e-07	-4.9237331790081903e-07	2.9533158168150323e-07	8.2268468711864974e-07	1.3715876428933927e-06
-3.9910241529133258e-07	-6.7790400399193574e-07	-3.2994851784753716e-05	1.9425299168876878e-05	3.0199715633736770e-07	-1.7779692212915825e-07	-2.6606824044774285e-07	-4.5193596363498325e-07	-1.2451878073223383e-06	7.3308462125457017e-07
6.6126877466803915e-07	-3.8205543683289087e-07	-1.7602527657664814e-05	-3.0465990880986573e-05	1.6008512053175482e-07	2.7707109373874055e-07	4.4084583448852319e-07	-2.5470363284483497e-07	-7.0806233666418808e-07	-1.2255099343247579e-06
3.4124700140087130e-07	6.0193910181519507e-07	2.9669685161598711e-05	-1.6819896056969346e-05	-2.6817336368408649e-07	1.5202890836860328e-07	2.2749804007884456e-07	4.0129272153584510e-07	1.1014132453072312e-06	-6.2440035859687927e-07
-5.9252076267127062e-07	3.2953464929624172e-07	1.5138791729132016e-05	2.7221177354883149e-05	-1.3596388041719488e-07	-2.4447770770083318e-07	-3.9501378798964652e-07	2.1968976777848726e-07	6.0950184257052133e-07	1.0959349385047256e-06
-2.9105412669049283e-07	-5.3357519290326531e-07	-2.6687474921144272e-05	1.4557700960094098e-05	2.3824550687648657e-07	-1.2996003998239920e-07	-1.9403611748737339e-07	-3.5571674885638638e-07	-9.7255190254904107e-07	5.3051189297463792e-07
5.3151815076392345e-07	-2.8431190389275992e-07	-1.2993786930176186e-05	-2.4290919988236989e-05	1.1525973481836841e-07	2.1546950448680737e-07	3.5434546479930291e-07	-1.8954124702188838e-07	-5.2485474747236773e-07	-9.8119206646533835e-07
2.4750124941591974e-07	4.7193047459056613e-07	2.4015612846156238e-05	-1.2594626325554941e-05	-2.1178336887206187e-07	1.1106665332540999e-07	1.6500091749380448e-07	3.1462035444934421e-07	8.5694293854084453e-07	-4.4941411905174340e-07
-4.7749221294242347e-07	2.4546136114140642e-07	1.1126460511486878e-05	2.1645004666273509e-05	-9.7487562395795473e-08	-1.8964871167998949e-07	-3.1832810540736173e-07	1.6364087530351176e-07	4.5225886676249659e-07	8.7979164353771419e-07
-2.0962154499160052e-07	-4.1612570731664146e-07	-2.1626265211529112e-05	1.0894375962106576e-05	1.8841939390940481e-07	-9.4917477370762215e-08	-1.3974766989077352e-07	-2.7741720488267353e-07	-7.5308368816794964e-07	3.7936756025180477e-07
4.2983784598882590e-07	-2.1213529774377495e-07	-9.5024245501469164e-06	-1.9253357452886548e-05	8.2243188339857886e-08	1.6663719397956599e-07	2.8655848673612765e-07	-1.4142357685304144e-07	-3.9009416574261950e-07	-7.9040628229103873e-07
1.7662122873569135e-07	3.6536531804690715e-07	1.9492592497755969e-05	-9.4226858045925573e-06	-1.6781144323146884e-07	8.1119817898515357e-08	1.1774745368978695e-07	2.4357690992149797e-07	6.5962007420909091e-07	-3.1886224010988485e-07
-3.8797453697181434e-07	1.8365304526386414e-07	8.0897831203779256e-06	1.7090909194342922e-05	-6.9161812394554710e-08	-1.4611496364884238e-07	-2.5864973999615464e-07	1.2243541737831554e-07	3.3695794686489130e-07	7.1185790587820174e-07
-1.4772450279415247e-07	-3.1880770338514547e-07	-1.7592193217477757e-05	8.1518622697976815e-06	1.4967130160775474e-07	-6.9354565164031475e-08	-9.8483061642106606e-08	-2.1253843419806791e-07	-5.7532379333139565e-07	2.6659014963856185e-07
3.5148285175351076e-07	-1.5938291035513435e-07	-6.8622912484246303e-06	-1.5132328587771008e-05	5.7942974862234922e-08	1.2777248296786332e-07	2.3432196091718476e-07	-1.0625526395158184e-07	-2.9162934819926068e-07	-6.4310195363534652e-07
1.2228946135399341e-07	2.7564120147924760e-07	1.5903252964879580e-05	-7.0553201684124554e-06	-1.3372809747626669e-07	5.9327192995231328e-08	8.1526319328010694e-08	1.8376088389383017e-07	4.9908567891337177e-07	-2.2141710851554552e-07
-3.1997599039033390e-07	1.3883962070164590e-07	5.7951725889784748e-06	1.3356769614917569e-05	-4.8310636585339621e-08	-1.1134683955350511e-07	-2.1331731289760703e-07	9.2559724847915021e-08	2.5305226722209847e-07	5.8321759713162328e-07
-9.9659378656579469e-08	-2.3493953718713864e-07	-1.4408228267531166e-05	6.1121041134436067e-06	1.1975828153540055e-07	-5.0802523752339334e-08	-6.6439573910390725e-08	-1.5662645692037181e-07	-4.2989538741699098e-07	1.8236281746128305e-07
2.9323928476168103e-07	-1.2156665996102225e-07	-4.8685457035774278e-06	-1.1742825882326070e-05	4.0040218754278667e-08	9.6576096596757073e-08	1.9549281427883221e-07	-8.1044489537244406e-08	-2.2030634439329801e-07	-5.3139423258152014e-07
7.9278145661839398e-08	1.9572976006123929e-07	1.3090021383810458e-05	-5.3017208794807636e-06	-1.0755005195016983e-07	4.3559975291711638e-08	5.2852039465541787e-08	1.3048657908891758e-07	3.6683734820570585e-07	-1.4857879330245147e-07
-2.7111377399444587e-07	1.0724021928314271e-07	4.0632533929584576e-06	1.0273286608622662e-05	-3.2919878560922404e-08	-8.3232684077543703e-08	-1.8074249234059907e-07	7.1493488681100464e-08	1.9259567534585475e-07	4.8692420469577147e-07
-6.0552528442116425e-08	-1.5683613374879838e-07	-1.1936087191452792e-05	4.6086697314316548e-06	9.6935629225835944e-08	-3.7427987764273813e-08	-4.0368282936439318e-08	-1.0455732311330326e-07	-3.0907273244117627e-07	1.1933439401581689e-07
2.5363238433187423e-07	-9.5546623565308834e-08	-3.3646491687415731e-06	-8.9306702720161119e-06	2.6779489679041258e-08	7.1079768756549133e-08	1.6908828029451886e-07	-6.3697742986322641e-08	-1.6922437001128767e-07	-4.4919029837153918e-07
4.2974376233793480e-08	1.1695707976442135e-07	1.0934983590004601e-05	-4.0176295947860202e-06	-8.7758511251283545e-08	3.2243459555016774e-08	2.8649609400048367e-08	7.7971339844212410e-08	2.5583805363536600e-07	-9.3999468349378946e-08
-2.4088971863615924e-07	8.6282484457168100e-08	2.7587246059145408e-06	7.7030049239180600e-06	-2.1453921483998947e-08	-5.9904460961851962e-08	-1.6059316808181416e-07	5.7521627221451908e-08	1.4958881596840781e-07	4.1765797218037127e-07
-2.6008160967296970e-08	-7.4538533927405154e-08	-1.0081515510171479e-05	3.5181111542591767e-06	7.9911260084645892e-08	-2.7886307872764151e-08	-1.7338781327403586e-08	-4.9692287411739177e-08	-2.0643011231231210e-07	7.2035359383401683e-08
2.3309764984686077e-07	-7.9202930962435266e-08	-2.2370550461081482e-06	-6.5828458548742248e-06	1.6816755204348398e-08	4.9485374084450591e-08	1.5539831878412975e-07	-5.2801928012363050e-08	-1.3315435580684004e-07	-3.9185575720931918e-07
9.2411925153603618e-09	2.7937556988671807e-08	9.3746503109079428e-06	-3.1001531155513789e-06	-7.3310373814808719e-08	2.4243441345177089e-08	6.1607672451057609e-09	1.8625015514246730e-08	1.6020955543056742e-07	-5.2981797995565881e-08
-2.3020922713629694e-07	7.4052660425814718e-08	1.7956123044396391e-06	5.5830458989866909e-06	-1.2753140756013583e-08	-3.9653302749987299e-08	-1.5347271239173887e-07	4.9368406118993703e-08	1.1944390565884710e-07	3.7134385616512171e-07
7.6799474750078691e-09	2.4556120737571747e-08	-8.8251494169236641e-06	2.7592692420032031e-06	6.7944128934551294e-08	-2.1243359060834445e-08	5.1199844257314155e-09	1.6370693458803757e-08	-1.1659624621370072e-07	3.6453853747515800e-08
2.3110433621832132e-07	-7.0179429675573167e-08	-1.4494518697307419e-06	-4.7722608877247164e-06	9.2192420604582694e-09	3.0353030992447669e-08	1.5406950390512662e-07	-4.6786303014658713e-08	-1.0799596605699141e-07	-3.5561307084389703e-07
-2.4865783767832848e-08	-8.4361852900470380e-08	8.4575964442930899e-06	-2.4930185355702786e-06	-6.3855593768703038e-08	1.8822540952200100e-08	-1.6577274092426926e-08	-5.6241217008694297e-08	7.5105882365843423e-08	-2.2139265763483923e-08
-2.2902464212423099e-07	6.5484830031142965e-08	1.2800731338090288e-06	4.4779544347501195e-06	-6.3152884732440473e-09	-2.2093664198589466e-08	-1.5268311786506656e-07	4.3656557089603128e-08	9.8267714624412980e-08	3.4370639035412047e-07
4.2294294697497892e-08	1.5263622441124038e-07	-8.3346116689088674e-06	2.3094207902590334e-06	6.1208217247834767e-08	-1.6960044691509428e-08	2.8196284221104502e-08	1.0175756522256311e-07	-3.5500975020024021e-08	9.8367274070091991e-09
1.5631812038761119e-07	-4.1934395819629215e-08	-2.1060951552788711e-06	-7.8497625470394882e-06	5.5961272684356954e-09	2.0854299925074528e-08	1.0421213167924011e-07	-2.7956305880609214e-08	-8.8677317141185760e-08	-3.3053318264646003e-07
