1.7039198572116981e-08	1.6645696681184297e-07	-5.7585339084305614e-08	5.8946731956906778e-09	-2.1541632916001471e-14	-1.4595374120496668e-15	1.1359460195172262e-08	1.1097130617408174e-07
-6.1028155983637401e-12	5.8028401864514993e-13	1.6285565613014061e-08	1.6856715018649060e-07	4.2796159146366627e-11	4.3657530497490637e-10	-4.0710183379771003e-12	3.9771387197352163e-13
-1.2529527705077002e-13	-1.2778618085731529e-12	1.4534834519587803e-07	-1.3073404352582512e-08	1.0019198383016254e-09	-9.0118100024847740e-11	-7.4691704860095365e-14	-8.5349076503448520e-13
3.0263346815896030e-12	-2.4681529680643722e-13	-6.8926277326513761e-09	-8.5081614888331544e-08	-2.9224277094023957e-11	-3.6502173966498182e-10	2.0294006724859140e-12	-1.7215653272090059e-13
3.5853173454483697e-14	5.0947058019885436e-13	-1.5000179069354251e-07	1.1397865398068489e-08	-1.0427681271772894e-09	7.9234556807140302e-11	2.1484096741215939e-14	3.3819673333719766e-13
-1.8807175241747988e-12	1.3650447585965831e-13	6.0811052728878630e-09	8.5369224816253974e-08	3.4369838413707672e-11	4.7949126512942514e-10	-1.2683014273505102e-12	8.3554674419290248e-14
-1.4409303012724454e-14	-1.2699061635744069e-13	1.5809027892084743e-07	-1.0049433613759134e-08	1.1083919061974604e-09	-7.0457857232450785e-11	-7.0051218359795169e-15	-7.1691297576670217e-14
1.2515565479406234e-12	-6.9707861861327486e-14	-5.3940277478106597e-09	-9.7996883667242554e-08	-3.4163765386522744e-11	-6.2216879428127635e-10	8.5440262844599695e-13	-4.9117540069910984e-14
-1.2609395168593169e-14	-8.9029738638151260e-14	-1.6828254657531239e-07	8.3681292086039017e-09	-1.1900216426189525e-09	5.9175838704581600e-11	-3.6308241373382233e-15	-6.7853828644998981e-14
-9.1967401744834604e-13	4.2141874110969058e-14	5.1193381212318946e-09	1.1474257869665848e-07	3.4591681152387976e-11	7.7395241415273679e-10	-6.2616798207821852e-13	2.5589678138856896e-14
3.3359562289071789e-15	2.2473932096592300e-13	1.8153347029034042e-07	-6.7638657768621590e-09	1.2948884621488804e-09	-4.8246915242093100e-11	1.2571959617181575e-15	1.4557851920734765e-13
7.2529827228597463e-13	-2.2321328268478289e-14	-3.9291140768059954e-09	-1.3434730711046472e-07	-2.7396505392084275e-11	-9.3743489542147802e-10	4.8553136334364338e-13	-1.4207231110982250e-14
-9.7133366701642574e-15	-3.0525572711826567e-13	-1.9671653196446683e-07	4.6316598239191993e-09	-1.4154972104055002e-09	3.3327599545820769e-11	-1.1605560962650800e-14	-2.0569390438775766e-13
-6.3989723093390013e-13	1.5747337570647400e-14	2.8246414059439970e-09	1.5591050533043846e-07	2.0154094391032333e-11	1.1114201237252784e-09	-4.3288362879264032e-13	3.1913823043018804e-15
2.7004506595004714e-15	3.6715542591409300e-13	2.1503520340131390e-07	-2.3659048935284369e-09	1.5610033075131408e-09	-1.7174678391894683e-11	-5.7610745255850125e-15	2.5871720003716525e-13
6.0286378957163243e-13	-1.0995571422527559e-14	-6.0164797538916983e-10	-1.7995517240152272e-07	-4.3504177865065713e-12	-1.3026789076949826e-09	3.9718012609718900e-13	7.2728270407846240e-15
-1.0956976023485561e-14	-4.3918244100076754e-13	-2.3554143784417135e-07	-6.1306000439147928e-10	-1.7251293153651067e-09	-4.4901701447147676e-12	2.8785772749434754e-15	-2.9402093573015033e-13
-6.2439729218771431e-13	-4.5615053614139096e-15	-1.7050300264629831e-09	2.0622194083784658e-07	-1.2489804265447432e-11	1.5113302321833484e-09	-4.1212487245919636e-13	-4.1190505535264801e-15
-1.6908091737958482e-14	5.1007331481472627e-13	2.5960210071981470e-07	3.9546066583177941e-09	1.9184810713170818e-09	2.9224957735914456e-11	-6.6734824275668714e-15	3.4009828048493740e-13
6.4097498555422462e-13	1.4581280270677412e-14	5.3319341723069484e-09	-2.3546208130269884e-07	3.9501561730494762e-11	-1.7443653323704793e-09	4.4187417880754528e-13	9.6668006449518186e-15
6.9711605694832079e-15	-5.8113477035796903e-13	-2.8637192804927222e-07	-8.2347881011887256e-09	-2.1355507885001492e-09	-6.1408793980312028e-11	1.0405479919058813e-14	-3.9981997317153739e-13
-7.2274497028716881e-13	-1.5501968634185422e-14	-9.2605183909873474e-09	2.6758372536547685e-07	-6.9294870429588491e-11	2.0023416151769147e-09	-4.8847699868814430e-13	-2.6330479122234189e-14
-2.3882107697661391e-14	6.8879393060236007e-13	3.1733533113935340e-07	1.3163710802982744e-08	2.3881635936918475e-09	9.9065811238871891e-11	-3.4444359426884929e-14	4.4420278919850109e-13
8.1585338182893942e-13	3.4701896943422870e-14	1.4781620074946571e-08	-3.0341153678910659e-07	1.1168827905196308e-10	-2.2925373389544166e-09	5.1520527507261032e-13	2.9862484666739525e-14
3.7586367481499598e-14	-8.0099155049968796e-13	-3.5173029140345454e-07	-1.9328009511657176e-08	-2.6715176515285160e-09	-1.4680308426079187e-10	2.2648470251719281e-14	-5.0808990979668415e-13
-9.3011861446591113e-13	-6.6730311076569298e-14	-2.0907498551218760e-08	3.4297649809029680e-07	-1.5948657670166397e-10	2.6163070707154231e-09	-5.9879265688578527e-13	-2.6377951337792300e-14
-7.3037853225841031e-14	9.1600542642978980e-13	3.9115747029355017e-07	2.6512628919378770e-08	2.9987473746657229e-09	2.0325491440620803e-10	-4.1561634817212009e-14	5.9720892731956986e-13
1.0381244547134932e-12	8.2969573430882434e-14	2.8996929313598396e-08	-3.8717281809919634e-07	2.2330558369324649e-10	-2.9816181769490424e-09	6.7676043906243521e-13	4.5308859406981288e-14
9.1343745078299979e-14	-1.0464387757488402e-12	-4.3494798589425769e-07	-3.5329297993426582e-08	-3.3659171852167359e-09	-2.7340161323910470e-10	3.8308350671643764e-14	-7.0438767681969169e-13
-1.1920028378420909e-12	-1.1459291619173283e-13	-3.8107498912555576e-08	4.3616770867990384e-07	-2.9627076364525207e-10	3.3910353064804862e-09	-7.9425260936478824e-13	-5.8972794845576447e-14
-1.2303376639689781e-13	1.2085174152388353e-12	4.8483614017724611e-07	4.5654294915157009e-08	3.7877183092381616e-09	3.5666817393613609e-10	-8.0672008681449607e-14	8.1542260854244641e-13
1.3487485585488616e-12	1.4132071468997890e-13	4.9682608166572506e-08	-4.9094581664310934e-07	3.8997611442216388e-10	-3.8536047796008078e-09	9.0018513939187338e-13	8.6117658468495008e-14
1.4573040713111028e-13	-1.4034206507526112e-12	-5.4026853889043009e-07	-5.8142567016020488e-08	-4.2613605448809639e-09	-4.5859858620064031e-10	9.2964141912856607e-14	-9.3869273889612686e-13
-1.5653748605516457e-12	-1.8015851508229070e-13	-6.2844036306834987e-08	5.5183684090999902e-07	-4.9806208115538364e-10	4.3735121621753558e-09	-1.0445186520175130e-12	-1.1708861632005027e-13
-2.0647347463133674e-13	1.6198632477367892e-12	6.0314000711404871e-07	7.2782906831168590e-08	4.8034453928855748e-09	5.7964760345774836e-10	-1.3406473760627607e-13	1.0866694226237463e-12
1.7806393344182778e-12	2.3192435450017189e-13	7.9141775766981769e-08	-6.1994549190961411e-07	6.3335537489966842e-10	-4.9612952850922065e-09	1.1904814542614611e-12	1.4740401220768117e-13
2.4873000354672993e-13	-1.8769256461471677e-12	-6.7304325565124779e-07	-9.0297032746627026e-08	-5.4127094898577204e-09	-7.2618153580578433e-10	1.5703319961256443e-13	-1.2548074970809420e-12
-2.0666679395170869e-12	-3.0021990438809364e-13	-9.7786730024440858e-08	6.9579796994668448e-07	-7.9028222517193825e-10	5.6232256817436682e-09	-1.3821891567628818e-12	-1.8444811287896503e-13
-3.3261232200863880e-13	2.1604886391116554e-12	7.5206860450879194e-07	1.1081384487872998e-07	6.1081264343158447e-09	9.0000428390424589e-10	-2.1548862942190352e-13	1.4570386041482853e-12
2.3503445542483759e-12	3.6110755261736487e-13	1.2046442374960781e-07	-7.8065645623444592e-07	9.8324751943818431e-10	-6.3718255823450877e-09	1.5901618052845433e-12	2.4691443064585608e-13
3.8785609599568196e-13	-2.5045519369721794e-12	-8.3999390557418153e-07	-1.3515269490470567e-07	-6.8904573536135643e-09	-1.1086553780512023e-09	2.7002105988773207e-13	-1.6803513590773639e-12
-2.7445960909047376e-12	-4.5447313171327554e-13	-1.4650775676367629e-07	8.7528615199339575e-07	-1.2078371728852253e-09	7.2160219791138867e-09	-1.8283886443797327e-12	-3.1094009829106413e-13
-5.0968301711760726e-13	2.9015761614542192e-12	9.3914911608224691e-07	1.6361863031464041e-07	7.7816426275477879e-09	1.3557184509885769e-09	-3.4854819049191296e-13	1.9319799053615007e-12
3.1427568497705164e-12	5.6409604575462993e-13	1.7777584308275274e-07	-9.8115342443206817e-07	1.4804984156068022e-09	-8.1709400654588930e-09	2.0966476563243316e-12	3.8514785982030080e-13
6.1356640876739851e-13	-3.3581775436691339e-12	-1.0495462628034147e-06	-1.9716909660031037e-07	-8.7851140409306988e-09	-1.6503827776783394e-09	4.2012942850314753e-13	-2.2334334570929030e-12
-3.6502887336752613e-12	-6.9750431083926869e-13	-2.1376680785227899e-07	1.0993154407468060e-06	-1.7984869641104323e-09	9.2488830178554576e-09	-2.4282829103174107e-12	-4.8424060939444997e-13
-7.8536378703388116e-13	3.8777454169616602e-12	1.1738102326401567e-06	2.3633243577673214e-07	9.9265435745423985e-09	1.9985890444058912e-09	-5.3232565782048977e-13	2.5809919901191368e-12
4.1965619186494678e-12	8.7196653522663271e-13	2.5656334381054750e-07	-1.2315010198699327e-06	2.1809168759843215e-09	-1.0468372313067041e-08	2.7840148469127030e-12	5.8103400279583956e-13
9.6263833409289786e-13	-4.4934530255583551e-12	-1.3122486258638036e-06	-2.8225723407003995e-07	-1.1212869172540645e-08	-2.4118245858491961e-09	6.2670313670810708e-13	-2.9792986664916655e-12
-4.8580633105641190e-12	-1.0837217188662196e-12	-3.0588559766664872e-07	1.3791252868902842e-06	-2.6274072332537786e-09	1.1846010943649738e-08	-3.2375609321795258e-12	-7.1178239946718572e-13
-1.1970475738750483e-12	5.1791814883149157e-12	1.4678503805240741e-06	3.3575681233687179e-07	1.2674477223952037e-08	2.8991661372461551e-09	-7.9669058953321403e-13	3.4549961412629919e-12
5.5875871322676387e-12	1.3162939509747068e-12	3.6410536875628181e-07	-1.5442522425646467e-06	3.1605822259882725e-09	-1.3404735286227312e-08	3.7259622338950391e-12	8.7966019793637191e-13
1.4425042710996138e-12	-6.0028936096923080e-12	-1.6412954736212394e-06	-3.9824048529624258e-07	-1.4322893693181786e-08	-3.4752766672217628e-09	9.6258293853295573e-13	-3.9894905634260587e-12
-6.4790314731481007e-12	-1.6205985981856738e-12	-4.3123938627333296e-07	1.7287372309678444e-06	-3.7833682513396932e-09	1.5166633788990248e-08	-4.3225840787231786e-12	-1.0739037487054285e-12
-1.7924340533458460e-12	6.9335753537071478e-12	1.8360232493149845e-06	4.7088723893989967e-07	1.6194482648817425e-08	4.1534198369367045e-09	-1.1902709814824494e-12	4.6168148879463193e-12
7.4661773153138964e-12	1.9752390748190024e-12	5.1003446150299321e-07	-1.9350702398662153e-06	4.5230317526319518e-09	-1.7160376742973203e-08	4.9802772231039892e-12	1.3053400277543036e-12
2.1587944562733508e-12	-8.0190244393437174e-12	-2.0531820380494184e-06	-5.5545835425433121e-07	-1.8306758532463418e-08	-4.9526254937583833e-09	1.4379405322945249e-12	-5.3532458222108011e-12
-8.6579441813183163e-12	-2.4016754914641602e-12	-6.0090168394487479e-07	2.1656494114230776e-06	-5.3870887322877311e-09	1.9415066168168012e-08	-5.7777844126969540e-12	-1.6038386759365223e-12
-2.6514968081696707e-12	9.2758991407589971e-12	2.2967694666420380e-06	6.5360409216048352e-07	2.0703693753901843e-08	5.8917619693714641e-09	-1.7717832445315480e-12	6.1898636325113667e-12
9.9935470719736732e-12	2.9175194547564674e-12	7.0707542194693939e-07	-2.4235041292048022e-06	6.4089809676728778e-09	-2.1966809553710433e-08	6.6637751835581877e-12	1.9424358088425857e-12
3.1981630098802535e-12	-1.0744045101953307e-11	-2.5685221969467136e-06	-7.6755731547417648e-07	-2.3410603519924870e-08	-6.9958437790344250e-09	2.1324785235577748e-12	-7.1696647449974409e-12
-1.1588104872391768e-11	-3.5467812653225425e-12	-8.2948934193628178e-07	2.7117033026809922e-06	-7.6025545055193037e-09	2.4853692939548208e-08	-7.7346513626557813e-12	-2.3639102289319173e-12
-3.9045135493122756e-12	1.2435021323464390e-11	2.8731308558309095e-06	8.9957777924744427e-07	2.6481171100622222e-08	8.2912594291466581e-09	-2.6103573052255938e-12	8.2966456857426121e-12
1.3395066942243405e-11	4.2861943293417935e-12	9.7201279897932787e-07	-3.0339574010987484e-06	9.0094959268521363e-09	-2.8121467486476205e-08	8.9299513709284784e-12	2.8662597849044929e-12
4.7039793682923992e-12	-1.4417067861372019e-11	-3.2130703605385984e-06	-1.0525267576754334e-06	-2.9950862071534464e-08	-9.8112023149421717e-09	3.1417704945952226e-12	-9.6093336990501635e-12
-1.5544898644864066e-11	-5.2025965484777002e-12	-1.1362701061230762e-06	3.3941658084241874e-06	-1.0652346199474660e-08	3.1819749975518077e-08	-1.0360161995452264e-11	-3.4697101869562179e-12
-5.7278084260700356e-12	1.6697696492319059e-11	3.5938926546316124e-06	1.2294544337996063e-06	3.3885789114322216e-08	1.1592175295853329e-08	-3.8168729798211444e-12	1.1127959388548791e-11
1.7982376680818917e-11	6.2840913598391402e-12	1.3269587528800239e-06	-3.7968971156485518e-06	1.2583836481416598e-08	-3.6006794500902191e-08	1.1983395678696573e-11	4.1884696383624235e-12
6.8929908290046416e-12	-1.9359150582860826e-11	-4.0189982984532858e-06	-1.4340561175560067e-06	-3.8334614529149961e-08	-1.3678529870068200e-08	4.5939127838914280e-12	-1.2908378410968034e-11
-2.0879644470397405e-11	-7.5982926790240744e-12	-1.5466140349336273e-06	4.2470805909768209e-06	-1.4838416037520478e-08	4.0747044179342003e-08	-1.3905754771839231e-11	-5.0691821522910904e-12
-8.3618382963764373e-12	2.2446474111620577e-11	4.4950108213442455e-06	1.6704093842451134e-06	4.3379399009659576e-08	1.6120396264005947e-08	-5.5641105347084033e-12	1.4952707318263750e-11
2.4179277106383689e-11	9.1684874296426263e-12	1.8010146378767842e-06	-4.7503642392573302e-06	1.7483655600155459e-08	-4.6114966910026631e-08	1.6104808852060093e-11	6.1045003556314104e-12
1.0055618927146591e-11	-2.6040422129788227e-11	-5.0264906970220886e-06	-1.9433132068185823e-06	-4.9085959819186266e-08	-1.8977334217506115e-08	6.6938756821410790e-12	-1.7359094636541605e-11
-2.8074278067571600e-11	-1.1067867403834378e-11	-2.0938957579151316e-06	5.3129562783060904e-06	-2.0570282668816562e-08	5.2194104209860933e-08	-1.8712770837276021e-11	-7.3715517296470403e-12
-1.2155346817277175e-11	3.0210131163649079e-11	5.6213958134181827e-06	2.2581830147425047e-06	5.5556866883425165e-08	2.2317868802058405e-08	-8.0987399901310901e-12	2.0133377317759720e-11
3.2543269396940141e-11	1.3327667722009837e-11	2.4324489897814950e-06	-5.9418608334108494e-06	2.4185855564777438e-08	-5.9079958495133463e-08	2.1699769268838736e-11	8.8780761413294737e-12
1.4614353210066902e-11	-3.5077797957937535e-11	-6.2857395045493923e-06	-2.6212751328687524e-06	-6.2880236954155484e-08	-2.6222276538061149e-08	9.7347362685018917e-12	-2.3386802954950247e-11
-3.7815351874006457e-11	-1.6067107133669866e-11	-2.8219883816793381e-06	6.6448762889959761e-06	-2.8403328808721897e-08	6.6880717791516390e-08	-2.5223613926543767e-11	-1.0704687464070918e-11
-1.7630194928074540e-11	4.0722587125077053e-11	7.0291425448007607e-06	3.0397498225677556e-06	7.1185076164584295e-08	3.0783957112026218e-08	-1.1757686722458481e-11	2.7156991962511104e-11
4.3893822005684339e-11	1.9327768367360087e-11	3.2715534621126796e-06	-7.4307090017807490e-06	3.3337248563814229e-08	-7.5719193467707747e-08	2.9271763184124029e-11	1.2884995930799085e-11
2.1187365616407293e-11	-4.7332875292916531e-11	-7.8594375678535738e-06	-3.5217849426822669e-06	-8.0588500045013244e-08	-3.6111409172614316e-08	1.4130225914142089e-11	-3.1561861104051243e-11
-5.1047688607904865e-11	-2.3274133841463701e-11	-3.7885344633713117e-06	8.3091366246678826e-06	-3.9090901689232212e-08	8.5735434247775738e-08	-3.4043827981410427e-11	-1.5522973374106913e-11
-2.5533975420740176e-11	5.5008979459784949e-11	8.7883191246490133e-06	4.0768194507754897e-06	9.1253660102839913e-08	4.2331723789077417e-08	-1.7035298179845512e-11	3.6678101674963016e-11
5.9324640022992336e-11	2.7988497254726825e-11	4.3843897363543511e-06	-9.2910008803711659e-06	4.5815354048955980e-08	-9.7087739948173401e-08	3.9546099301511507e-11	1.8667996706392147e-11
3.0688176969055303e-11	-6.3999037586866684e-11	-9.8258977287258772e-06	-4.7155623137284299e-06	-1.0333541028695031e-07	-4.9591861877702280e-08	2.0461508744965023e-11	-4.2661992584499706e-11
-6.9054068021043778e-11	-3.3693844860853124e-11	-5.0692388292358214e-06	1.0388545421368876e-05	-5.3655291948064579e-08	1.0995742430274630e-07	-4.6026333872795511e-11	-2.2461328958589032e-11
-3.6963015202825419e-11	7.4448964778696424e-11	1.0986455912269410e-05	5.4504321099006059e-06	1.1704109936521382e-07	5.8064636362477917e-08	-2.4634138704776459e-11	4.9632020350655023e-11
8.0320314465132887e-11	4.0505885887044146e-11	5.8577087328750593e-06	-1.1615289622102110e-05	6.2811305910060325e-08	-1.2454895506018090e-07	5.3547714025072565e-11	2.7004894164952844e-11
4.4401673452229024e-11	-8.6692205625938038e-11	-1.2282956278541867e-05	-6.2954700597643236e-06	-1.3257473744689395e-07	-6.7949463345421486e-08	2.9610509381222643e-11	-5.7793041568661829e-11
-9.3574489534497881e-11	-4.8727455063214758e-11	-6.7635068130550433e-06	1.2986552420105408e-05	-7.3484614912000337e-08	1.4109719048700788e-07	-6.2383454180616928e-11	-3.2496852280041346e-11
-5.3451266812070001e-11	1.0096383960085574e-10	1.3732913198111915e-05	7.2669955068308610e-06	1.5020100456505385e-07	7.9481316999310853e-08	-3.5632485420669406e-11	6.7300279159414315e-11
1.0898318908525672e-10	5.8589226102840296e-11	7.8054145302262737e-06	-1.4519210252513649e-05	8.5943117907432066e-08	-1.5986674191848240e-07	7.2650031592166026e-11	3.9055161701201810e-11
6.4235736618497481e-11	-1.1768652443897412e-10	-1.5352860813135187e-05	-8.3834359102270812e-06	-1.7018801601579790e-07	-9.2931235316736131e-08	4.2820096686662082e-11	-7.8452751083850978e-11
-1.2709161563319513e-10	-7.0486452619304607e-11	-9.0018566674086610e-06	1.6232420547605146e-05	-1.0046530647513553e-07	1.8116208453439254e-07	-8.4726883706492148e-11	-4.6979945736091609e-11
-7.7305754773095376e-11	1.3721086531051521e-10	1.7164352177220045e-05	9.6662234006483394e-06	1.9287498127828886e-07	1.0861887719730054e-07	-5.1526514643435480e-11	9.1471022164258971e-11
1.4819225646818623e-10	8.4753070195035145e-11	1.0377066834290175e-05	-1.8147268645345946e-05	1.1741076685441876e-07	-2.0532629760912139e-07	9.8801540897887489e-11	5.6483820042188670e-11
9.2932747140495049e-11	-1.6011262139886916e-10	-1.9188395102512902e-05	-1.1139559908201500e-05	-2.1861373584118373e-07	-1.2691320939027094e-07	6.1942447363036832e-11	-1.0675475152426050e-10
-1.7300028144835203e-10	-1.0196216633484771e-10	-1.1955675448674760e-05	2.0287707337455031e-05	-1.3716374679607838e-07	2.3275455877946027e-07	-1.1535953033342497e-10	-6.7970279514843958e-11
-1.1183308398744173e-10	1.8689953838984542e-10	2.1451593257877159e-05	1.2831587235379924e-05	2.4784059623025063e-07	1.4824951206038143e-07	-7.4565030727417352e-11	1.2462724916817318e-10
2.0200461378721158e-10	1.2263042535732334e-10	1.3769078807046692e-05	-2.2680099787411966e-05	1.6020902657854737e-07	-2.6389250473636544e-07	1.3467624370130229e-10	8.1768009507809513e-11
1.3450562637552121e-10	-2.1839285451961670e-10	-2.3980560350103765e-05	-1.4774112866430597e-05	-2.8101692021956747e-07	-1.7313088706119334e-07	8.9686894662327335e-11	-1.4559637796974234e-10
-2.3613520819857179e-10	-1.4760421384212907e-10	-1.5850076505982009e-05	2.5354395037739148e-05	-1.8707584297154910e-07	2.9925375110281666e-07	-1.5740783288981320e-10	-9.8416215245139912e-11
-1.6195273557949800e-10	2.5528023108364508e-10	2.6808221120279708e-05	1.7004095576652575e-05	3.1870584640041512e-07	2.0215084965502202e-07	-1.0797030561746444e-10	1.7017949440520118e-10
2.7607569898813019e-10	1.7765804710011993e-10	1.8239485940025502e-05	-2.8343576793010560e-05	2.1842035798725710e-07	-3.3941823733167768e-07	1.8404390043948669e-10	1.1843491672054785e-10
1.9492617257948007e-10	-2.9865407033211202e-10	-2.9968217696708515e-05	-1.9563367504840964e-05	-3.6151228439123328e-07	-2.3599660615445290e-07	1.2995305228562431e-10	-1.9910968086933339e-10
-3.2312765173518445e-10	-2.1395890629865576e-10	-2.0980870993194678e-05	3.1685099217398361e-05	-2.5497098564300557e-07	3.8505460549617983e-07	-2.1541003256512597e-10	-1.4264412851974412e-10
-2.3483027162489888e-10	3.4959327776170563e-10	3.3501392821937959e-05	2.2500490254551641e-05	4.1016542439824487e-07	2.7547878995339554e-07	-1.5655716598571977e-10	2.3305210576622718e-10
3.7833901104852287e-10	2.5770777188610148e-10	2.4127457442312109e-05	-3.5420255224918073e-05	2.9761914392814006e-07	-4.3691905842841597e-07	2.5222281569922783e-10	1.7181587361789911e-10
2.8289359172399940e-10	-4.0958341817349089e-10	-3.7450206573006126e-05	-2.5870522622639306e-05	-4.6545874197545598e-07	-3.2153790365354439e-07	1.8859715740212502e-10	-2.7304877387852670e-10
-4.4345961450459898e-10	-3.1063347947049329e-10	-2.7737009997614907e-05	3.9595902506005682e-05	-3.4736752226246812e-07	4.9588367983286280e-07	-2.9562474628784939e-10	-2.0709729046700928e-10
-3.4110046074815878e-10	4.8015388821695915e-10	4.1865429771567706e-05	2.9737319563988613e-05	5.2833943096398255e-07	3.7528334487828679e-07	-2.2739557405159984e-10	3.2009417333391051e-10
5.2004623453167438e-10	3.7453762930015880e-10	3.1879122596820463e-05	-4.4263769997177394e-05	4.0543144283620087e-07	-5.6293657480189080e-07	3.4668127256645597e-10	2.4968572572990187e-10
4.1136187713107135e-10	-5.6341781760231227e-10	-4.6800594995712909e-05	-3.4173413963910486e-05	-5.9984927120398509e-07	-4.3800506030197938e-07	2.7422527897073979e-10	-3.7560338484023080e-10
-6.1048451331541245e-10	-4.5192975952115815e-10	-3.6630321841850832e-05	4.9482511189682867e-05	-4.7319232732776579e-07	6.3921755321847891e-07	-4.0699096421494797e-10	-3.0127564921011988e-10
-4.9652482915187421e-10	6.6156518777370139e-10	5.2318935406496120e-05	3.9262854585027863e-05	6.8122250259326964e-07	5.1122485313029084e-07	-3.3101261865218055e-10	4.4104270707433671e-10
7.1711446870281792e-10	5.4554431554166015e-10	4.2081831427265942e-05	-5.5316974167317191e-05	5.5231291264620538e-07	-7.2602066046963837e-07	4.7808289840858625e-10	3.6368911940399943e-10
5.9956441150693204e-10	-7.7758384409055481e-10	-5.8487901508996744e-05	-4.5101296580512903e-05	-7.7382877903401378e-07	-5.9671624969603102e-07	3.9970140396115817e-10	-5.1839035013848835e-10
-8.4326800797172455e-10	-6.5911069979916595e-10	-4.8335008941841927e-05	6.1840628491277960e-05	-6.4469923392362020e-07	8.2483911265623478e-07	-5.6218052426998424e-10	-4.3939726535487022e-10
-7.2466176304133843e-10	9.1465348697514482e-10	6.5386390066244238e-05	5.1799507019713476e-05	8.7928149865728868e-07	6.9657230129350224e-07	-4.8309427671690265e-10	6.0977606100190418e-10
9.9234219925545058e-10	7.9678951609021227e-10	5.5509718587094457e-05	-6.9134833112942788e-05	7.5263427618107948e-07	-9.3737180236228447e-07	6.6157869876830646e-10	5.3117472342396254e-10
8.7634805533873573e-10	-1.0770004242698123e-09	-7.3099368125014344e-05	-5.9483795410854552e-05	-9.9938459500805702e-07	-8.1323806581923525e-07	5.8423220965102178e-10	-7.1802232065835611e-10
-1.1690583929868795e-09	-9.6409655436265596e-10	-6.3740248483372099e-05	7.7291695183282999e-05	-8.7875334158390735e-07	1.0655800248128708e-06	-7.7939047652835120e-10	-6.4273476673073858e-10
-1.0608351162846525e-09	1.2692839375626039e-09	8.1725449074153305e-05	6.8300360419401701e-05	1.1362540388820181e-06	9.4960090512758114e-07	-7.0724840110627127e-10	8.4620680206478615e-10
1.3784442116318671e-09	1.1674044702350986e-09	7.3184474187604014e-05	-8.6413382171491042e-05	1.0262026748525283e-06	-1.2117002241877027e-06	9.1896150504134981e-10	7.7829275568532180e-10
1.2851412788707358e-09	-1.4975610773669911e-09	-9.1371678867026873e-05	-7.8416242780483640e-05	-1.2922709728702459e-06	-1.1090420525916737e-06	8.5677987291703904e-10	-9.9836599240158063e-10
-1.6271889606648373e-09	-1.4150513533370701e-09	-8.4020459985804409e-05	9.6615486863394797e-05	-1.1986353803324505e-06	1.3783159612937036e-06	-1.0847746501231281e-09	-9.4337606910269016e-10
-1.5585582711128981e-09	1.7686081620787454e-09	1.0216153278994496e-04	9.0024749501165373e-05	1.4702200803285005e-06	1.2955580329316964e-06	-1.0390403959109634e-09	1.1790524220240301e-09
1.9226872569300977e-09	1.7167567292658965e-09	9.6456663496523456e-05	-1.0802644635696639e-04	1.4004044560743581e-06	-1.5683801529627761e-06	1.2817772350639490e-09	1.1445031110767597e-09
1.8918688337964397e-09	-2.0911741660966469e-09	-1.1422993690056727e-04	-1.0334718379772144e-04	-1.6732526579589658e-06	-1.5138408947994963e-06	1.2612347564287041e-09	-1.3941018038437649e-09
-2.2746059181777243e-09	-2.0851385216469147e-09	-1.1072950394060793e-04	1.2079150876527123e-04	-1.6365898731108950e-06	1.7853070159438061e-06	-1.5164080518741033e-09	-1.3900841839152986e-09
-2.2991757184319988e-09	2.4752763441511687e-09	1.2773178128775383e-04	1.1863967124632853e-04	1.9050469430655562e-06	1.7694432887220997e-06	-1.5327683206925010e-09	1.6501865236997399e-09
2.6939172609730936e-09	2.5352242376739190e-09	1.2711495412754201e-04	-1.3507234429080981e-04	1.9132397686965838e-06	-2.0330084853916325e-06	1.7959622004150326e-09	1.6901445147269391e-09
2.7972122586810682e-09	-2.9336956784354934e-09	-1.4283727446711507e-04	-1.3619602413338203e-04	-2.1697863006479228e-06	-2.0689016113052976e-06	1.8648061392974408e-09	-1.9558078833129474e-09
-3.1947161918475857e-09	-3.0863362082854244e-09	-1.4592747217835483e-04	1.5105173811048330e-04	-2.2374445111868565e-06	2.3160127265959179e-06	-2.1298144787343502e-09	-2.0575686233815032e-09
-3.4076272428810575e-09	3.4812993137666505e-09	1.5974109919214037e-04	1.5635641961670742e-04	2.4723486097156904e-06	2.4199631703652217e-06	-2.2717571719611439e-09	2.3208674973859923e-09
3.7933001397801696e-09	3.7618553026742057e-09	1.6753346465955341e-04	-1.6893351017539950e-04	2.6176463382842688e-06	-2.6395215110182659e-06	2.5288654028585244e-09	2.5079116102058660e-09
4.1565731969031930e-09	-4.1369069100532432e-09	-1.7865823184127499e-04	-1.7951190364174131e-04	-2.8183070581124252e-06	-2.8317736027268638e-06	2.7710470779579244e-09	-2.7579366449584978e-09
-4.5104234018495499e-09	-4.5916827145550283e-09	-1.9235214236995373e-04	1.8894809897353692e-04	-3.0637841870209244e-06	3.0095646001548078e-06	-3.0069464290810415e-09	-3.0611223590995651e-09
-5.0776266464626450e-09	4.9227718428734822e-09	1.9983390882483940e-04	2.0611555200088648e-04	3.2141586384459130e-06	3.3151935325684297e-06	-3.3850851784242110e-09	3.2818521798189227e-09
5.3705636226839506e-09	5.6124301247001994e-09	2.2087153820251780e-04	-2.1135295163157570e-04	3.5877020810907767e-06	-3.4330879829845869e-06	3.5803772383923154e-09	3.7416246805789490e-09
6.2120092705254307e-09	-5.8670212397061036e-09	-2.2354009135366060e-04	-2.3668933409395730e-04	-3.6673584861195462e-06	-3.8830825935684929e-06	4.1413524573274938e-09	-3.9113450444761576e-09
-6.4046685565906752e-09	-6.8709339567057543e-09	-2.5365208839632042e-04	2.3643922056346622e-04	-4.2034008399332427e-06	3.9181574476253445e-06	-4.2697772660193440e-09	-4.5806208489934144e-09
-7.6125929396848561e-09	7.0033407701477831e-09	2.5008646975027151e-04	2.7183865187286720e-04	4.1866018997606297e-06	4.5507468584554164e-06	-5.0750705947274657e-09	4.6688790128035033e-09
7.6497933680714729e-09	8.4251754282583962e-09	2.9134618408989773e-04	-2.6453285124789395e-04	4.9275911058937064e-06	-4.4740923173069021e-06	5.0998474914955886e-09	5.6167764500840381e-09
9.3451163679349550e-09	-8.3742609052576293e-09	-2.7981782336039925e-04	-3.1226260117800451e-04	-4.7819083514822161e-06	-5.3363689349381072e-06	6.2300716682990896e-09	-5.5828336998563801e-09
-9.1526283831926081e-09	-1.0349360253749742e-08	-3.3470563967763169e-04	2.9600269801923894e-04	-5.7801074487385262e-06	5.1117375935570690e-06	-6.1017478143690699e-09	-6.8995627158184281e-09
-1.1493990007634523e-08	1.0031473891713635e-08	3.1312637570665849e-04	3.5877317519826746e-04	5.4649780303576244e-06	6.2616492023301767e-06	-7.6626523969548956e-09	6.6876501079806437e-09
1.0969882601369350e-08	1.2736375944464283e-08	3.8460620293127011e-04	-3.3126263649993032e-04	6.7846765934706891e-06	-5.8436651237222475e-06	7.3132571561386198e-09	8.4909088953563806e-09
1.4165575816635699e-08	-1.2040406553450091e-08	-3.5045040099871495e-04	-4.1231043711712905e-04	-6.2493496193280738e-06	-7.3524586225635737e-06	9.4437096603083704e-09	-8.0269406652148142e-09
-1.3173038994014567e-08	-1.5705432470472757e-08	-4.4206062324673312e-04	3.7078153324201487e-04	-7.9695805351836911e-06	6.6845431076107496e-06	-8.7820288089333982e-09	-1.0470289442673459e-08
-1.7497076632827988e-08	1.4481623254305267e-08	3.9228836921818009e-04	4.7396826563524575e-04	7.1508624690911159e-06	8.6397715279989420e-06	-1.1664713675355845e-08	9.6544191299881340e-09
1.5849901422677072e-08	1.9407302819572940e-08	5.0825023613910753e-04	-4.1508686656437457e-04	9.3687504051329998e-06	-7.6514381495801518e-06	1.0566606577600601e-08	1.2938196880340693e-08
2.1663589065721706e-08	-1.7457655663211262e-08	-4.3919930326226391e-04	-5.4501667905201476e-04	-8.1879246549266226e-06	-1.0160661617696030e-05	1.4442386349135386e-08	-1.1638438944124677e-08
-1.9111468263354010e-08	-2.4036337362679546e-08	-5.8454621178064578e-04	4.6477718925444202e-04	-1.1022816099714569e-05	8.7643258725522239e-06	-1.2740989330102277e-08	-1.6024232555151571e-08
-2.6892690774941651e-08	2.1096612686091809e-08	4.9181934373458767e-04	6.2693690924259552e-04	9.3821277589417359e-06	1.1959680430419433e-05	-1.7928466528053501e-08	1.4064411992804958e-08
2.3095659186279632e-08	2.9840872869166555e-08	6.7255143421943945e-04	-5.2052799903637089e-04	1.2980702223533961e-05	-1.0046546042709609e-05	1.5397107835836237e-08	1.9893932050756458e-08
3.3478885956179592e-08	-2.5562897790960781e-08	-5.5086459443680499e-04	-7.2145424759013747e-04	-1.0758681470403529e-05	-1.4090389040034282e-05	2.2319259401140440e-08	-1.7041921745041680e-08
-2.7977564741492137e-08	-3.7143031235192558e-08	-7.7413392360950082e-04	5.8310767497471265e-04	-1.5301287236808260e-05	1.1525522597679480e-05	-1.8651705166240681e-08	-2.4762017642977855e-08
-4.1809029550931140e-08	3.1065184191624925e-08	6.1715103111865846e-04	8.3058666048355719e-04	1.2347253390772610e-05	1.6617429841925664e-05	-2.7872675892121884e-08	2.0710129344587673e-08
3.3977117805684916e-08	4.6358548117250046e-08	8.9148406312407401e-04	-6.5338678162314776e-04	1.8055790265266667e-05	-1.3233455507054552e-05	2.2651419684445142e-08	3.0905681127146574e-08
5.2391468426966749e-08	-3.7874381918168062e-08	-6.9160093895733864e-04	-9.5669332291014979e-04	-1.4182658594867677e-05	-1.9618907396012316e-05	3.4927643208376758e-08	-2.5249596672201590e-08
-4.1375226782189721e-08	-5.8030643606868409e-08	-1.0271665827457494e-03	7.3235905691339557e-04	-2.1330410824341194e-05	1.5208360383035152e-05	-2.7583496449003181e-08	-3.8687095396405994e-08
-6.5903259485341360e-08	4.6340520601541567e-08	7.7526755321162891e-04	1.1025432758287655e-03	1.6306038587220498e-05	2.3189559691555374e-05	-4.3935519292375583e-08	3.0893690497907915e-08
5.0528460698128329e-08	7.2867816126437847e-08	1.1842013580325242e-03	-8.2115613016376363e-04	2.5229993031544122e-05	-1.7495135679859350e-05	3.3685641834518157e-08	4.8578556333773821e-08
8.3249837474486600e-08	-5.6924622091457933e-08	-8.6934677403101442e-04	-1.2713877245552291e-03	-1.8765947760365232e-05	-2.7444509293152837e-05	5.5499912030001774e-08	-3.7949754676531468e-08
-6.1895283925810592e-08	-9.1803378081649383e-08	-1.3661445818951995e-03	9.2107623040158730e-04	-2.9882282569481715e-05	2.0147106363031571e-05	-4.1263518033920185e-08	-6.1202270825200125e-08
-1.0565748257535925e-07	7.0234229357364897e-08	9.7520866696819875e-04	1.4670589806438149e-03	2.1620055733357148e-05	3.2524215589771169e-05	-7.0438335530400500e-08	4.6822812376748848e-08
7.6063521373399157e-08	1.1606712379379208e-07	1.5772070984904985e-03	-1.0336077858977069e-03	3.5443716358704580e-05	-2.3227704977626680e-05	5.0708998324223268e-08	7.7378091510209150e-08
1.3479874488586222e-07	-8.7083579212023473e-08	-1.0944170729689593e-03	-1.6940794129260382e-03	-2.4936863821942649e-05	-3.8600482997995701e-05	8.9865833914331973e-08	-5.8055706713390027e-08
-9.3794327234691688e-08	-1.4729303053646043e-07	-1.8223832363083656e-03	1.1604705887642646e-03	-4.2106429423799735e-05	2.6812841554750318e-05	-6.2529544525761998e-08	-9.8195356243219986e-08
-1.7298342951250504e-07	1.0856867767713281e-07	1.2287712806547378e-03	1.9578071465209475e-03	2.8798235557055060e-05	4.5884366175701634e-05	-1.1532228893377303e-07	7.2379114774586926e-08
1.1607236147144923e-07	1.8765531911896262e-07	2.1076314954830170e-03	-1.3036546082644570e-03	5.0107707517430432e-05	-3.0993626696274309e-05	7.7381571449587317e-08	1.2510354642794595e-07
2.2343047281472428e-07	-1.3618733625356215e-07	-1.3803376366995248e-03	-2.2646026205745688e-03	-3.3302135089983593e-05	-5.4635982083419207e-05	1.4895365087028556e-07	-9.0791538793033473e-08
-1.4418079763699354e-07	-2.4006661348830190e-07	-2.4400846695596242e-03	1.4654823658646809e-03	-5.9741843982740184e-05	3.5880156123478669e-05	-9.6120517296761195e-08	-1.6004440559564359e-07
-2.9068106873450771e-07	1.7200018369123879e-07	1.5515065702677738e-03	2.6220480062829443e-03	3.8566502539933715e-05	6.5177436592362052e-05	-1.9378736585735297e-07	1.1466677719072608e-07
1.7979115194367561e-07	3.0843574595671879e-07	2.8283390667927970e-03	-1.6486749213123991e-03	7.1376167582176925e-05	-4.1606078565112784e-05	1.1986076466754646e-07	2.0562381321111023e-07
3.8120710074969957e-07	-2.1888076379984577e-07	-1.7450426197607978e-03	-3.0392059400006395e-03	-4.4733688215552438e-05	-7.7909209430171368e-05	2.5413806141155296e-07	-1.4592050621673356e-07
-2.2509129618530911e-07	-3.9803450806803529e-07	-3.2828098889560722e-03	1.8564521425418817e-03	-8.5471822812001281e-05	4.8334918566616117e-05	-1.5006085656740931e-07	-2.6535633782107318e-07
-5.0434110989806226e-07	2.8086750392565046e-07	1.9641648168349031e-03	3.5269572979118582e-03	5.1976568229499395e-05	9.3331850304917465e-05	-3.3622739437275899e-07	1.8724499572926537e-07
2.8294168627822226e-07	5.1598104611198588e-07	3.8162185729094904e-03	-2.0926489718195379e-03	1.0261215135598611e-04	-5.6268059294966077e-05	1.8862778705531729e-07	3.4398734273255061e-07
6.7367927719880330e-07	-3.6370237039602319e-07	-2.2126249082118190e-03	-4.0984094940052750e-03	-6.0505856326537529e-05	-1.1207402351165977e-04	4.4911949389242793e-07	-2.4246825348726114e-07
-3.5708785089145709e-07	-6.7191101434868388e-07	-4.4442198177907745e-03	2.3618859772024867e-03	-1.2354067330453216e-04	6.5655839714215947e-05	-2.3805859937532504e-07	-4.4794065136731103e-07
-9.0924373115839012e-07	4.7561269953378656e-07	2.4948229769170241e-03	4.7694265370956373e-03	7.0580040168501831e-05	1.3492994080989830e-04	-6.0616248517258199e-07	3.1707515973669986e-07
4.5241698713761458e-07	8.7885672263695532e-07	5.1862668027614521e-03	-2.6697810281459517e-03	1.4921383170195344e-04	-7.6812140987741741e-05	3.0161134875665843e-07	5.8590449899210691e-07
1.2408018128068637e-06	-6.2850051691235514e-07	-2.8159278131029519e-03	-5.5592813882969867e-03	-8.2517673744631886e-05	-1.6290863908769039e-04	8.2720122616389431e-07	-4.1900035350723090e-07
-5.7528502971001195e-07	-1.1544253973872870e-06	-6.0667668447421117e-03	3.0232533287219052e-03	-1.8087376986777981e-04	9.0134867722206237e-05	-3.8352334817217173e-07	-7.6961695140346952e-07
-1.7130246899653866e-06	8.3970069220209831e-07	3.1820436855740392e-03	6.4914984241522550e-03	9.6713956004223248e-05	1.9730040034155808e-04	-1.1420164699695909e-06	5.5980044703437043e-07
7.3388574857731325e-07	1.5222861263939733e-06	7.1166936550377067e-03	-3.4309184447385418e-03	2.2015150554202011e-04	-1.0613381681292010e-04	4.8925715662951122e-07	1.0148574182275238e-06
2.3935029735179659e-06	-1.1346493417595978e-06	-3.6003897540839041e-03	-7.5949001963125902e-03	-1.1366177064145580e-04	-2.3976565400196962e-04	1.5956686470575952e-06	-7.5643288965079072e-07
-9.3865967415364643e-07	-2.0140210285868585e-06	-8.3758032388359625e-03	3.9036480907278493e-03	-2.6921346584083029e-04	1.2547031041595558e-04	-6.2577310559130529e-07	-1.3426806784621535e-06
-3.3852940265125444e-06	1.5508700585854047e-06	4.0795340060617302e-03	8.9049469380039024e-03	1.3397995203008264e-04	2.9245604080488743e-04	-2.2568626815633726e-06	1.0339133811698304e-06
1.2026419851973071e-06	2.6712028080350455e-06	9.8957598418082018e-03	-4.4553170339742352e-03	3.3097386445825431e-04	-1.4901265987428568e-04	8.0176132076992306e-07	1.7808018689314933e-06
4.8465821294310586e-06	-2.1440135475073158e-06	-4.6296427346335647e-03	-1.0465396709375595e-02	-1.5844978025649829e-04	-3.5817878477948333e-04	3.2310547506724487e-06	-1.4293423664374516e-06
-1.5416176792035232e-06	-3.5474315119951542e-06	-1.1744516877029489e-02	5.1038493783681993e-03	-4.0940432160890453e-04	1.7791604500313050e-04	-1.0277451247890238e-06	-2.3649543395136237e-06
-7.0216187657463411e-06	2.9969232523401296e-06	5.2627805321242230e-03	1.2330388149033436e-02	1.8806382744335077e-04	4.4062259016633160e-04	-4.6810791832083874e-06	1.9979488452700557e-06
1.9737226429045550e-06	4.7094538430496276e-06	1.4012545014922672e-02	-5.8726291142191314e-03	5.0999219546753074e-04	-2.1373669170284378e-04	1.3158151056972686e-06	3.1396359055069870e-06
1.0289464685775384e-05	-4.2333374969587967e-06	-5.9932036690326530e-03	-1.4566963587636076e-02	-2.2408955045090685e-04	-5.4466767716516247e-04	6.8596431337257921e-06	-2.8222249975186779e-06
-2.5178909490150909e-06	-6.2356141934911362e-06	-1.6821651455109252e-02	6.7924481597763193e-03	-6.4042387844875166e-04	2.5859803409850984e-04	-1.6785939584161600e-06	-4.1570761361968795e-06
-1.5240958968325340e-05	6.0384636557089690e-06	6.8376536109045231e-03	1.7258094558889273e-02	2.6815376900909277e-04	6.7681449897717466e-04	-1.0160639309949275e-05	4.0256424329864222e-06
3.1899176794490448e-06	8.2077532174021573e-06	2.0337541237469087e-02	-7.9041215639521004e-03	8.1161513582205251e-04	-3.1543167479511401e-04	2.1266117848470919e-06	5.4718354803090821e-06
2.2800320191570386e-05	-8.6899399761426469e-06	-7.8155400100514000e-03	-2.0506107609578095e-02	-3.2235233684547245e-04	-8.4577542914080720e-04	1.5200213468850796e-05	-5.7932933263270062e-06
-3.9939915647190205e-06	-1.0688977893525025e-05	-2.4787621007151345e-02	9.2620224610646517e-03	-1.0392750743983921e-03	3.8833049303113696e-04	-2.6626610438597814e-06	-7.1259852748855566e-06
-3.4417422832186561e-05	1.2604155985443639e-05	8.9489357149162025e-03	2.4436325873916719e-02	3.8939340014487240e-04	1.0632933708412068e-03	-2.2944948565713155e-05	8.4027706498228467e-06
4.9056829319260631e-06	1.3672116422147659e-05	3.0486201026470466e-02	-1.0938732955807974e-02	1.3462997565698534e-03	-4.8306489535579120e-04	3.2704552822560137e-06	9.1147442907447822e-06
5.2371699146928242e-05	-1.8405455274313743e-05	-1.0262131675191508e-02	-2.9200328046439111e-02	-4.7277971982027060e-04	-1.3452685411627148e-03	3.4914466100139643e-05	-1.2270303507110977e-05
-5.8393176591323226e-06	-1.6969711663437432e-05	-3.7869863859673551e-02	1.3031109522533731e-02	-1.7664552090333118e-03	6.0784140634331557e-04	-3.8928784325437580e-06	-1.1313141112444207e-05
-8.0252166441156583e-05	2.7028826360020636e-05	1.1780456608959213e-02	3.4977733305387428e-02	5.7703808163080605e-04	1.7133023620552622e-03	-5.3501444294784355e-05	1.8019217569152349e-05
6.5869592015370734e-06	1.9989118239118401e-05	4.7546656092298897e-02	-1.5667918540084869e-02	2.3500765197326796e-03	-7.7441423820084291e-04	4.3913061248626442e-06	1.3326078828726233e-05
1.2371432814001573e-04	-3.9871531237911779e-05	-1.3527768789330862e-02	-4.1974283371225954e-02	-7.0799572352396307e-04	-2.1967860017331120e-03	8.2476218748585910e-05	-2.6581020812236559e-05
-6.7064060007115649e-06	-2.1284949088030207e-05	-6.0363413469363039e-02	1.9019146497601558e-02	-3.1729198655860514e-03	9.9971529620796547e-04	-4.4709373345018373e-06	-1.4189966046766654e-05
-1.9167066738988298e-04	5.9014887800226382e-05	1.5521820379456198e-02	5.0412321382345686e-02	8.7309714788736954e-04	2.8356760332089986e-03	-1.2778044491852149e-04	3.9343258530373107e-05
5.3177387837331575e-06	1.7681815628786196e-05	7.7495987414948217e-02	-2.3306623355528418e-02	4.3499592968978592e-03	-1.3082337070683501e-03	3.5451591893719394e-06	1.1787877086642309e-05
2.9815575606504221e-04	-8.7545437060251600e-05	-1.7766161532595675e-02	-6.0506678282883072e-02	-1.0817268160437262e-03	-3.6840651417393904e-03	1.9877050404191161e-04	-5.8363624693879785e-05
-7.3623258730536860e-07	-2.5695006493595132e-06	-1.0056628812614579e-01	2.8815001042669749e-02	-6.0569349896841878e-03	1.7354780749142570e-03	-4.9082171880052727e-07	-1.7130004157626097e-06
-4.6523200844167948e-04	1.3001293034898921e-04	2.0236752927223229e-02	7.2414218943788244e-02	1.3454610067930952e-03	4.8145326651578817e-03	-3.1015467227086011e-04	8.6675286898745584e-05
-1.0188732388422422e-05	-3.7401519212183491e-05	1.3178686481172230e-01	-3.5900708611693463e-02	8.5640572302523327e-03	-2.3329769887909298e-03	-6.7924882422298552e-06	-2.4934346160023279e-05
7.2747967378626686e-04	-1.9307067592110516e-04	-2.2860570672697290e-02	-8.6137374477731857e-02	-1.6780753228725954e-03	-6.3228956273554968e-03	4.8498644918567235e-04	-1.2871378396444851e-04
3.3266291961130236e-05	1.2873816597039423e-04	-1.7412513020449122e-01	4.4994407921440147e-02	-1.2288742034423943e-02	3.1754444146066701e-03	2.2177527957961357e-05	8.5825443971274023e-05
-1.1388514933881710e-03	2.8634416107209789e-04	2.5482668996624009e-02	1.0134997900406842e-01	2.0949671804357619e-03	8.3321287907370985e-03	-7.5923432893167933e-04	1.9089610738727027e-04
-7.9129799512958667e-05	-3.2365913192176584e-04	2.3146101334728933e-01	-5.6588742457442644e-02	1.7878103640527762e-02	-4.3709279050725483e-03	-5.2753199674035472e-05	-2.1577275461261098e-04
1.7829442609832184e-03	-4.2355584253021188e-04	-2.7817145114212769e-02	-1.1709535247716270e-01	-2.6113220363773986e-03	-1.0992273741382598e-02	1.1886295073287394e-03	-2.8237056168435890e-04
1.6721747923930137e-04	7.2496460381950127e-04	-3.0867554342669945e-01	7.1197885660644833e-02	-2.6337901634547141e-02	6.0749967066613267e-03	1.1147831948692245e-04	4.8330973587690023e-04
-2.7879295732714669e-03	6.2386380301144662e-04	2.9377075800752290e-02	1.3128060304035027e-01	3.2377529980749092e-03	1.4468906634802178e-02	-1.8586197155320294e-03	4.1590920201856345e-04
-3.3323818646378920e-04	-1.5362942354894631e-03	4.1154232326347490e-01	-8.9267806143802447e-02	3.9234145684519994e-02	-8.5102938679610402e-03	-2.2215879098259677e-04	-1.0241961569787939e-03
4.3470904236229567e-03	-9.1318061851234636e-04	-2.9379119009381904e-02	-1.3985589219838190e-01	-3.9709832014249453e-03	-1.8903405398313151e-02	2.8980602824296891e-03	-6.0878707899450317e-04
6.4362855576802376e-04	3.1667999945867806e-03	-5.4618387288025860e-01	1.1100781259578471e-01	-5.9009627599853995e-02	1.1993268218196676e-02	4.2908570386073142e-04	2.1111999963900601e-03
-6.7438293855154917e-03	1.3247320719709259e-03	2.6621659111221031e-02	1.3552319472129123e-01	4.7748591615250791e-03	2.4307432088493060e-02	-4.4958862569958319e-03	8.8315471464314602e-04
-1.2250013293517907e-03	-6.4593668905943103e-03	7.1768948113808695e-01	-1.3610785350170629e-01	8.9488893913792528e-02	-1.6971324757314860e-02	-8.1666755291695341e-04	-4.3062445937410015e-03
1.0371603460372074e-02	-1.8967090983719329e-03	-1.9340229051491159e-02	-1.0575643508509934e-01	-5.5419085397462103e-03	-3.0304319737825030e-02	6.9144023069034281e-03	-1.2644727322344354e-03
2.3291070837628573e-03	1.3224597253446119e-02	-9.2727419060011729e-01	1.6331090140492710e-01	-1.3671941367647683e-01	2.4078930396153757e-02	1.5527380558482344e-03	8.8163981689838057e-03
-1.5705622861951329e-02	2.6602026158790461e-03	5.0396826390534397e-03	2.9753879784234702e-02	6.0119191486025080e-03	3.5493887718140466e-02	-1.0470415241278636e-02	1.7734684105910460e-03
-4.4949932054027305e-03	-2.7635374638175964e-02	1.1670834717142271e+00	-1.8983032876744835e-01	2.1050689070877693e-01	-3.4239703694993323e-02	-2.9966621369133589e-03	-1.8423583092122796e-02
2.3025350690464578e-02	-3.5906310183426303e-03	1.9772541438584038e-02	1.2679378554118298e-01	-5.5739582018017918e-03	-3.5743674231311237e-02	1.5350233793636404e-02	-2.3937540122437491e-03
9.0359329906859638e-03	6.0544250867705811e-02	-1.4109807401861874e+00	2.1058196743789628e-01	-3.2762069919336434e-01	4.8895785370930152e-02	6.0239553271121300e-03	4.0362833911796722e-02
-3.0727423812842786e-02	4.3805251074101768e-03	-6.0440115107317331e-02	-4.2396036253359831e-01	2.6271033978756890e-03	1.8427954307674244e-02	-2.0484949208572703e-02	2.9203500716112342e-03
-1.9950796848103500e-02	-1.4681697549238795e-01	1.5945045068796733e+00	-2.1667545812546660e-01	5.1875466593860320e-01	-7.0492999149439781e-02	-1.3300531232066854e-02	-9.7877983661583040e-02
2.2815278698264194e-02	-2.9483930765980275e-03	1.2790692010994664e-01	9.8977038123122529e-01	8.6572912806197923e-03	6.6991922271751728e-02	1.5210185798837697e-02	-1.9655953843944703e-03
5.5052402556867899e-02	4.4911361403945160e-01	-1.5422902943915842e+00	1.8905413593657808e-01	-8.2305292684109843e-01	1.0088993014069154e-01	3.6701601704578167e-02	2.9940907602629302e-01
1.7119418149067048e-01	-1.9848600419805629e-02	-2.4696511789786194e-01	-2.1300741958429681e+00	-7.0045622957193340e-02	-6.0414351298115765e-01	1.1412945432711501e-01	-1.3232400279861894e-02
-2.2784014168204969e-01	-2.0842723900987177e+00	1.1927631744429312e+00	-1.3038570787841594e-01	5.6734112719694618e-01	-6.2018325262561555e-02	-1.5189342778802889e-01	-1.3895149267324751e+00
1.5780175980920396e-13	-6.3066414889251399e-15	6.5455069061034324e-12	-5.8570160081182368e-13	3.5689335454873855e-01	3.4752599468867080e+00	1.0531017372758750e-13	-3.5682381406162661e-15
2.0053833942242924e-01	2.0870761607357387e+00	-1.1943676837123889e+00	1.1476174985164792e-01	5.6810431650211823e-01	-5.4586746091914051e-02	1.3369222628161861e-01	1.3913841071571624e+00
-1.7165509330743689e-01	1.5360457562728021e-02	1.9112164700372816e-01	2.1358090657407520e+00	-5.4206986562204039e-02	-6.0577006873926953e-01	-1.1443672887161647e-01	1.0240305041824271e-02
-3.7377841408387909e-02	-4.5092871090063535e-01	1.5485234750136703e+00	-1.2835834924255435e-01	-8.2637930293175865e-01	6.8499241393493254e-02	-2.4918560938918959e-02	-3.0061914060041767e-01
-2.2938318122796082e-02	1.7502929783610934e-03	-7.5931048757210282e-02	-9.9510806629676674e-01	5.1393404503319940e-03	6.7353199788185741e-02	-1.5292212081852639e-02	1.1668619855680587e-03
1.0305791039428485e-02	1.4780747362247121e-01	-1.6052618033227770e+00	1.1192595501535844e-01	5.2225443511165615e-01	-3.6413889772380643e-02	6.8705273596184734e-03	9.8538315748300923e-02
3.0976393458739222e-02	-1.9561755239195788e-03	2.6990251732691744e-02	4.2739551100247358e-01	1.1731642843640215e-03	1.8577267231549684e-02	2.0650928972482562e-02	-1.3041170159480925e-03
-3.4581296422111036e-03	-6.1117065845158310e-02	1.4243301646721882e+00	-8.0591539203217918e-02	-3.3072035013944956e-01	1.8712839726436694e-02	-2.3054197614773043e-03	-4.0744710563424102e-02
-2.3274538552712273e-02	1.1641566420190761e-03	-6.4106658315761251e-03	-1.2816598928874076e-01	-1.8071921370223917e-03	-3.6130503929111754e-02	-1.5516359035127445e-02	7.7610442802589685e-04
1.2156459537414380e-03	2.7972148652257153e-02	-1.1813059451946994e+00	5.1338557791347911e-02	2.1307219879657119e-01	-9.2599376343095573e-03	8.1043063584031454e-04	1.8648099101506138e-02
1.5918485199126541e-02	-5.8744906509259687e-04	-1.1129068248422764e-03	-3.0157141802956321e-02	1.3276043362048190e-03	3.5974945502740614e-02	1.0612323466084570e-02	-3.9163271007670007e-04
-4.0737192081657215e-04	-1.3421950694356869e-02	9.4111209813180641e-01	-2.8563855144631136e-02	-1.3875970620737649e-01	4.2115197142775394e-03	-2.7158128054209499e-04	-8.9479671295814491e-03
-1.0540622484224977e-02	2.5088122302042038e-04	2.5581673926210594e-03	1.0747987626195633e-01	-7.3303840292461640e-04	-3.0798168772441615e-02	-7.0270816561372731e-03	1.6725414867619577e-04
1.1341690439601285e-04	6.5735215440588029e-03	-7.3037301411834943e-01	1.2601562156022705e-02	9.1070407042453727e-02	-1.5712921606012161e-03	7.5611269596257650e-05	4.3823476960285265e-03
6.8723165843476213e-03	-7.3584019065245346e-05	-1.4787363630687357e-03	-1.3810525833612664e-01	2.6522604359251986e-04	2.4770550859745898e-02	4.5815443895588451e-03	-4.9056012721186747e-05
-1.3449382827340318e-05	-3.2315165228701970e-03	5.5734565282020232e-01	-2.3196409638622760e-03	-6.0215544710729950e-02	2.5061368188567028e-04	-8.9662552453818884e-06	-2.1543443485897212e-03
-4.4419569944587518e-03	-1.0585489093360882e-05	-3.4056024642960486e-04	1.4290796771036765e-01	4.6031287475098570e-05	-1.9315934467682930e-02	-2.9613046629793551e-03	-7.0569927208578057e-06
-1.4034891148102146e-05	1.5719575976078798e-03	-4.2109582040520155e-01	-3.7596659557090459e-03	4.0144922723049627e-02	3.5842554840468971e-04	-9.3565940869275877e-06	1.0479717317619635e-03
2.8565369697296935e-03	4.4202837157596407e-05	2.0814632855854194e-03	-1.3451125167748648e-01	-2.2940554890299631e-04	1.4824968019440766e-02	1.9043579798338906e-03	2.9468558108159297e-05
1.6380075041454030e-05	-7.4381923561876772e-04	3.1670347177176433e-01	6.9743100036599266e-03	-2.7022888805503804e-02	-5.9508663432399870e-04	1.0920050030946122e-05	-4.9587949042920914e-04
-1.8318162272247559e-03	-5.2336403913773334e-05	-3.4372084342613888e-03	1.2030503203209927e-01	3.2266639752357660e-04	-1.1293580972353721e-02	-1.2212108181616421e-03	-3.4890935961196730e-05
-1.1695290463061420e-05	3.3298645472180590e-04	-2.3813133804091963e-01	-8.3637500864974668e-03	1.8393321103567502e-02	6.4601804450022137e-04	-7.7968603260152840e-06	2.2199096981216868e-04
1.1732794225654782e-03	4.8898866851393270e-05	4.3516632912251997e-03	-1.0441382901666799e-01	-3.5775655409479065e-04	8.5840123439188312e-03	7.8218628170143619e-04	3.2599244578968092e-05
6.4062462095759629e-06	-1.3281235473239060e-04	1.7963568476661743e-01	8.6647833994651039e-03	-1.2677645023120057e-02	-6.1151016887764321e-04	4.2708307984010497e-06	-8.8541569799433769e-05
-7.5153640420628240e-04	-4.1182457822948273e-05	-4.8762178597582346e-03	8.8985816132609488e-02	3.5793773184519996e-04	-6.5319848808619400e-03	-5.0102426946367466e-04	-2.7454971861932692e-05
-2.3743066901398504e-06	3.8691686127796071e-05	-1.3633285754207192e-01	-8.3660367042771282e-03	8.8594746978895508e-03	5.4365977480250519e-04	-1.5828710950779022e-06	2.5794457422669547e-05
4.8194620206048328e-04	3.2742053029744921e-05	5.0963600351566461e-03	-7.5015814257201455e-02	-3.3883665797409932e-04	4.9875023632972530e-03	3.2129746805195631e-04	2.1828035341703842e-05
-1.9862096946179088e-07	2.6655059072856344e-06	1.0432378356641549e-01	7.7737233644803051e-03	-6.2832424934805182e-03	-4.6819801996314731e-04	-1.3241397616513254e-07	1.7770039133197198e-06
-3.0972585666764313e-04	-2.5118760467452996e-05	-5.0975135690971311e-03	6.2854673397010799e-02	3.1037188855357581e-04	-3.8270273273041428e-03	-2.0648390446117529e-04	-1.6745840339713390e-05
1.6129617190849239e-06	-1.8393566923487845e-05	-8.0615456047886780e-02	-7.0693000958798576e-03	4.5250594797194670e-03	3.9680980580984103e-04	1.0753077935349353e-06	-1.2262377952822705e-05
1.9966462640488272e-04	1.8826541922801592e-05	4.9516680241059293e-03	-5.2514855410913143e-02	-2.7852965263043056e-04	2.9539428612571821e-03	1.3310975093355282e-04	1.2551027957379391e-05
-2.2403160034307858e-06	2.2203736688856477e-05	6.2969064943842037e-02	6.3534619908062013e-03	-3.3098823543196150e-03	-3.3396099692729729e-04	-1.4935439917210952e-06	1.4802491130299584e-05
-1.2923587527944135e-04	-1.3894694279251932e-05	-4.7142473843266915e-03	4.3847655177279107e-02	2.4672708663937116e-04	-2.2948316771946265e-03	-8.6157250183894647e-05	-9.2631295218070548e-06
2.3867369737012541e-06	-2.0910675888026528e-05	-4.9738697832184132e-02	-5.6771572900939250e-03	2.4584220110708288e-03	2.8060341480626733e-04	1.5911579691031678e-06	-1.3940450593973475e-05
8.4070634150039405e-05	1.0153627270260217e-05	4.4254355509502023e-03	-3.6642004656994825e-02	-2.1676959806055213e-04	1.7948227970570488e-03	5.6047089429854805e-05	6.7690848503615476e-06
-2.2683867132806493e-06	1.7802335972968088e-05	3.9727960984124719e-02	5.0621655625280922e-03	-1.8531269055917518e-03	-2.3612677220725124e-04	-1.5122578059975275e-06	1.1868223996702684e-05
-5.5019427466573385e-05	-7.3768731442886701e-06	-4.1130452476460314e-03	3.0676593085441340e-02	1.8948932242156239e-04	-1.4132805482303396e-03	-3.6679618298428379e-05	-4.9179154276293202e-06
2.0244671815899518e-06	-1.4383811215080194e-05	-3.2073143919826047e-02	-4.5141744320322643e-03	1.4163806704210371e-03	1.9935025488456839e-04	1.3496447972965521e-06	-9.5892074848212222e-06
3.6260803609607876e-05	5.3458268560354929e-06	3.7955291128849785e-03	-2.5745124419962667e-02	-1.6515416301727992e-04	1.1202428821419236e-03	2.4173869067843972e-05	3.5638845541666338e-06
-1.7381199565660199e-06	1.1277639656714588e-05	2.6152721267278883e-02	4.0306805355378467e-03	-1.0965098802796294e-03	-1.6899507251336721e-04	-1.1587466421510713e-06	7.5184264358208928e-06
-2.4090626487486781e-05	-3.8744513185534409e-06	-3.4845976117645161e-03	2.1666580127662777e-02	1.4372240189215410e-04	-8.9363917595593537e-04	-1.6060417671276873e-05	-2.5829675428684052e-06
1.4551317726135563e-06	-8.6847785977942327e-06	-2.1519536040821928e-02	-3.6055914731479752e-03	8.5878528584978160e-04	1.4388920378979365e-04	9.7008783988399881e-07	-5.7898523929081738e-06
1.6150142349648050e-05	2.8147425379778525e-06	3.1872715381290810e-03	-1.8287608778860046e-02	-1.2499593061357712e-04	7.1718918507539806e-04	1.0766761567986398e-05	1.8764950344215581e-06
-1.1979638304793221e-06	6.6172155615401156e-06	1.7851087579258858e-02	3.2317150118908850e-03	-6.7961595646972108e-04	-1.2303592580300120e-04	-7.9864254881885898e-07	4.4114770553227241e-06
-1.0935112049485172e-05	-2.0536685591507493e-06	-2.9074134665305869e-03	1.5481016288237774e-02	1.0870996754750153e-04	-5.7884466666369334e-04	-7.2900746937747593e-06	-1.3691123705216471e-06
9.7534196075579221e-07	-5.0123093130533797e-06	-1.4913663296359509e-02	-2.9020402463225277e-03	5.4278875665684796e-04	1.0562091868876885e-04	6.5022798322480425e-07	-3.3415395504573946e-06
7.4841759438222258e-06	1.5072457231165734e-06	2.6468134898087955e-03	-1.3142667506456278e-02	-9.4583057871284397e-05	4.6964914065840836e-04	4.9894506222765021e-06	1.0048304795968273e-06
-7.8843396630625325e-07	3.7867172165067810e-06	1.2536722646484422e-02	2.6102759312119262e-03	-4.3701997149229674e-04	-9.0992099316803465e-05	-5.2562265295343723e-07	2.5244781430859604e-06
-5.1811868554078903e-06	-1.1142061063213895e-06	-2.4059461949468260e-03	1.1187919513564480e-02	8.2343642395157069e-05	-3.8290716797491228e-04	-3.4541245619728988e-06	-7.4280406366731154e-07
6.3462487417654512e-07	-2.8598817172897979e-06	-1.0594741087497080e-02	-2.3510367944583176e-03	3.5435201099789964e-04	7.8632843387411154e-05	4.2308325442140927e-07	-1.9065878106791033e-06
3.6298442004472006e-06	8.3044849142240618e-07	2.1844762926715913e-03	-9.5482323496054004e-03	-7.1742514847124249e-05	3.1358280391702910e-04	2.4198961305370871e-06	5.5363231299369986e-07
-5.0972289383986144e-07	2.1627633365878136e-06	8.9943850063933812e-03	2.1198081679132765e-03	-2.8909580274194671e-04	-6.8134468682062773e-05	-3.3981527289968153e-07	1.4418422138310351e-06
-2.5741591256882864e-06	-6.2449207649757380e-07	-1.9815972044610977e-03	8.1681447032054110e-03	6.2557629110635579e-05	-2.5786257965175604e-04	-1.7161060977410252e-06	-4.1632804875166734e-07
4.0916705638525924e-07	-1.6396724285858161e-06	-7.6654748542303516e-03	-1.9128578654223362e-03	2.3712778875397797e-04	5.9173340824556190e-05	2.7277804750126695e-07	-1.0931149410908623e-06
1.8479361610394045e-06	4.7400713471474432e-07	1.7962459809881422e-03	-7.0027461887073204e-03	-5.4594490834635753e-05	2.1283909140836689e-04	1.2319574524931793e-06	3.1600475944468375e-07
-3.2864338047674036e-07	1.2472547565904867e-06	6.5546062468563046e-03	1.7270951296353575e-03	-1.9541814814358073e-04	-5.1491381628091838e-05	-2.1909558403595816e-07	8.3150316415786411e-07
-1.3426443882488631e-06	-3.6319156044146103e-07	-1.6272431430391211e-03	6.0155746821328121e-03	4.7684574199837349e-05	-1.7627981323151256e-04	-8.9509626166119572e-07	-2.4212771539353901e-07
2.6434861997822340e-07	-9.5246527898007559e-07	-5.6206418055247970e-03	-1.5599614680057883e-03	1.6171121390695423e-04	4.4881576077864197e-05	1.7623240972857625e-07	-6.3497685347125150e-07
9.8693228741559115e-07	2.8088480452300872e-07	1.4733759325692593e-03	-5.1769425861441579e-03	-4.1682689910799149e-05	1.4645881454828025e-04	6.5795485878295642e-07	1.8725654121123408e-07
-2.1307035137935915e-07	7.3046366838283503e-07	4.8315047946182414e-03	1.4093106746708782e-03	-1.3430644296566079e-04	-3.9176097650011868e-05	-1.4204689838594305e-07	4.8697577129986305e-07
-7.3353958939227449e-07	-2.1918675382944642e-07	-1.3334510684672757e-03	4.4625752221132998e-03	3.6464200709145805e-05	-1.2203240333038394e-04	-4.8902639396419107e-07	-1.4612451226716615e-07
1.7216421470653195e-07	-5.6271832253048657e-07	-4.1618894382694695e-03	-1.2733342919695151e-03	1.1190670050544678e-04	3.4237968465461314e-05	1.1477613408545471e-07	-3.7514554493493972e-07
5.5089959077278975e-07	1.7249968209744169e-07	1.2063225924733927e-03	-3.8525520128711325e-03	-3.1922223640077293e-05	1.0194787670270566e-04	3.6726639552063381e-07	1.1499978703924177e-07
-1.3949355996124553e-07	4.3547571913242753e-07	3.5916083960276361e-03	1.1504800972519163e-03	-9.3511755741855780e-05	-2.9954104654821737e-05	-9.2995709696265633e-08	2.9031715194185311e-07
-4.1773744420424413e-07	-1.3683226719699496e-07	-1.0909087415881919e-03	3.3304451065964938e-03	2.7965145925046759e-05	-8.5375045469201580e-05	-2.7849162543090537e-07	-9.1221507348228194e-08
1.1334972522600798e-07	-3.3853995804414743e-07	-3.1043929628109131e-03	-1.0394109896339581e-03	7.8342683492057727e-05	2.6230650308606113e-05	7.5566477989144800e-08	-2.2569330019085075e-07
3.1957220692406192e-07	1.0933042850872798e-07	9.8619803203210178e-04	-2.8826588120088800e-03	-2.4514371802040032e-05	7.1655557593849366e-05	2.1304813957930920e-07	7.2886961095032888e-08
-9.2378437899428399e-08	2.6436017545219237e-07	2.6870094528984698e-03	9.3895258630842472e-04	-6.5787430062187589e-05	-2.2988857556258990e-05	-6.1585618010357754e-08	1.7624011868987763e-07
-2.4644678638702823e-07	-8.7932626821252352e-08	-8.9125215957633949e-04	2.4978844265605318e-03	2.1502420148197488e-05	-6.0264157403047157e-05	-1.6429785163278784e-07	-5.8621756505995627e-08
7.5509207528644553e-08	-2.0732985719896079e-07	-2.3286039421223301e-03	-8.4807401749194895e-04	5.5361198331684667e-05	2.0162464326093119e-05	5.0339465524002147e-08	-1.3821991284226556e-07
1.9143896774894273e-07	7.1144565497207800e-08	8.0520427860246522e-04	-2.1666872762031312e-03	-1.8871260141549174e-05	5.0779808695697013e-05	1.2762596914333444e-07	4.7429702719621781e-08
-6.1899649605962502e-08	1.6328210467435766e-07	2.0202082057181382e-03	7.6585341478050133e-04	-4.6677204090641069e-05	-1.7695154401243031e-05	-4.1266437657351603e-08	1.0885473423458033e-07
-1.4968479760133197e-07	-5.7868045053264069e-08	-7.2725681953287485e-04	1.8811569060957645e-03	1.6570925943899587e-05	-4.2863141255844437e-05	-9.9789877239837365e-08	-3.8578685348199336e-08
5.0885554245192116e-08	-1.2910421457121768e-07	-1.7543645602935154e-03	-6.9147109570598777e-04	3.9424879529314641e-05	1.5539053444416754e-05	3.3923697226109707e-08	-8.6069467837522185e-08
1.1772692063178310e-07	4.7293998089813695e-08	6.5667745492994619e-04	-1.6346463583927636e-03	-1.4558323422345427e-05	3.6239572690217382e-05	7.8484622718342513e-08	3.1529338866733484e-08
-4.1944556369134702e-08	1.0246727377166602e-07	1.5248361598995850e-03	6.2418516990842736e-04	-3.3353413407587430e-05	-1.3653077326142733e-05	-2.7963031544331566e-08	6.8311519301153246e-08
-9.3082129114560165e-08	-3.8815821204109682e-08	-5.9279527693158077e-04	1.4215429361504604e-03	1.2796234516476441e-05	-3.0685799123819460e-05	-6.2054747657931589e-08	-2.5877220871791841e-08
3.4663630382926132e-08	-8.1616643961239244e-08	-1.3263816196580475e-03	-5.6333120409879595e-04	2.8259213507007049e-05	1.2002048691763627e-05	2.3109078377325011e-08	-5.4411112741584915e-08
7.3946170637207719e-08	3.1978914448789664e-08	5.3499649608910744e-04	-1.2371015331485780e-03	-1.1252468228864796e-05	2.6019695076101184e-05	4.9297424359675631e-08	2.1319275681452282e-08
-2.8717029743034293e-08	6.5228794640735917e-08	1.1545772410455353e-03	5.0830342456893035e-04	-2.3976253999343943e-05	-1.0555562308161923e-05	-1.9144697027632100e-08	4.3485885576905898e-08
-5.8995919735221870e-08	-2.6435161784527411e-08	-4.8272025179760925e-04	1.0772906438746479e-03	9.8991429026675227e-06	-2.2091996334350854e-05	-3.9330604873484260e-08	-1.7623417672288600e-08
2.3845682807946137e-08	-5.2296672928149735e-08	-1.0056754077412790e-03	-4.5855762503485965e-04	2.0368579745286627e-05	9.2874574519173726e-06	1.5897142961655215e-08	-3.4864443252519976e-08
4.7250148131497283e-08	2.1919461408085456e-08	4.3545474988531687e-04	-9.3868458845033323e-04	-8.7120815931966739e-06	1.8780129796241866e-05	3.1500119633921349e-08	1.4612969475700815e-08
-1.9844359454513797e-08	4.2054137172959914e-08	8.7649107917539765e-04	4.1359555175748107e-04	-1.7324446531766497e-05	-8.1749993661871029e-06	-1.3229578293324114e-08	2.8036079867929411e-08
-3.7975795493386752e-08	-1.8224595358435706e-08	-3.9273314899439910e-04	8.1835732199161905e-04	7.6702893859339029e-06	-1.5982958143724602e-05	-2.5317204311196586e-08	-1.2149732668272330e-08
1.6548518489814874e-08	-3.3912156538214842e-08	-7.6430926649152960e-04	-3.7296940171813967e-04	1.4751691077388461e-05	7.1985643001247854e-06	1.1032356716528159e-08	-2.2608098582970768e-08
3.0619089900662199e-08	1.5190621050940381e-08	3.5413034339915338e-04	-7.1381219864383096e-04	-6.7555214497898982e-06	1.3616945591056450e-05	2.0412739024565976e-08	1.0127084515467845e-08
-1.3827233463244230e-08	2.7419011593235856e-08	6.6681019537797659e-04	3.3626815595268542e-04	-1.2574072009513651e-05	-6.3410248275679063e-06	-9.2181578038532233e-09	1.8279328116507499e-08
-2.4759742314346644e-08	-1.2689993988743886e-08	-3.1925906124132127e-04	6.2290678295494047e-04	5.9518972791721549e-06	-1.1612754774088593e-05	-1.6506485500601023e-08	-8.4600076942974352e-09
1.1574606447531657e-08	-2.2223663939728487e-08	-5.8200682267289718e-04	-3.0312285908559207e-04	1.0728330781062798e-05	5.5875673199771069e-06	7.7164001988916504e-09	-1.4815778692019989e-08
2.0075114695191971e-08	1.0623311694244863e-08	2.8776732007918481e-04	-5.4380699788926718e-04	-5.2455914856672211e-06	9.9128328982366685e-06	1.3383414757829784e-08	7.0822059263791665e-09
-9.7059944878501884e-09	1.8055018191457356e-08	5.0819428188338405e-04	2.7319427499223974e-04	-9.1618548352685900e-06	-4.9252153685370186e-06	-6.4706523432839764e-09	1.2036667088491660e-08
-1.6317171083526271e-08	-8.9097953601603126e-09	-2.5933476211703344e-04	4.7493248075741599e-04	4.6245448477583589e-06	-8.4691560036485874e-06	-1.0878122551055678e-08	-5.9398772324657285e-09
8.1523044133095398e-09	-1.4700124008050946e-08	-4.4390650257332875e-04	-2.4617855847294329e-04	7.8307682839772675e-06	4.3427326217079607e-06	5.4348437555794352e-09	-9.8000841652430407e-09
1.3292868774692340e-08	7.4861240175119444e-09	2.3367074882261387e-04	-4.1492686049022587e-04	-4.0782431890496726e-06	7.2416964927678371e-06	8.8618901977154727e-09	4.9907639063301939e-09
-6.8580983348540393e-09	1.1993574037331400e-08	3.8788147502117969e-04	2.2179590575345501e-04	-6.6984129886306942e-06	-3.8302436959656709e-06	-4.5720666916785226e-09	7.9957371595391583e-09
-1.0852194995185846e-08	-6.2999512858615390e-09	-2.1051091890516511e-04	3.6261701475483329e-04	3.5974975030442666e-06	-6.1968937869918451e-06	-7.2347884239776725e-09	-4.1999532213666405e-09
5.7777182929005603e-09	-9.8041121329334423e-09	-3.3903040520159514e-04	-1.9979642821268904e-04	5.7340830240557340e-06	3.3791934023715207e-06	3.8518262740208936e-09	-6.5360694882836281e-09
8.8770255074013066e-09	5.3100577035333775e-09	1.8961586921012100e-04	-3.1699419103428591e-04	-3.1742867148884932e-06	5.3066784608547237e-06	5.9180201702015623e-09	3.5400348756252544e-09
-4.8744849707464725e-09	8.0292593543831567e-09	2.9641360292070309e-04	1.7994961232937231e-04	-4.9120241680793739e-06	-2.9820387295623776e-06	-3.2496473052416643e-09	5.3528318628023630e-09
-7.2748963928023837e-09	-4.4818463157417242e-09	-1.7076790762844256e-04	2.7718285488591407e-04	2.8015875416782104e-06	-4.5474120050757232e-06	-4.8499272611099186e-09	-2.9879055742214929e-09
4.1177612566265770e-09	-6.5868247629644903e-09	-2.5921807004502747e-04	-1.6205029687543576e-04	4.2105796708844118e-06	2.6322458394460966e-06	2.7451744815315465e-09	-4.3912350886265428e-09
5.9721104409589888e-09	3.7881426357863435e-09	1.5377026333868949e-04	-2.4242920205189120e-04	-2.4732640390284355e-06	3.8992677397341591e-06	3.9814000370915772e-09	2.5254124803512293e-09
-3.4830142081805206e-09	5.4125760681273330e-09	2.2674070175330630e-04	1.4590882411181420e-04	-3.6115250328437145e-06	-2.3240351910098264e-06	-2.3220260296512743e-09	3.6083874536130122e-09
-4.9106992697620010e-09	-3.2056351995889415e-09	-1.3844400279350939e-04	2.1207674423568071e-04	2.1839335700193903e-06	-3.3454791245391556e-06	-3.2738084099257457e-09	-2.1370812210195455e-09
2.9495347968442833e-09	-4.4543192983370665e-09	-1.9837165771639819e-04	-1.3135706322410420e-04	3.0994813126890030e-06	2.0524038966060976e-06	1.9663669207555596e-09	-2.9695384601341325e-09
4.0439941693768013e-09	2.7161562283461882e-09	1.2462771376641090e-04	-1.8555991401592679e-04	-1.9288909151309632e-06	2.8719521639373173e-06	2.6960006691404143e-09	1.8107656415931254e-09
-2.5007364366220600e-09	3.6712463074280486e-09	1.7358270073760640e-04	1.1823916749175737e-04	-2.6614704936145193e-06	-1.8129113885769879e-06	-1.6671633619700819e-09	2.4474949938710898e-09
-3.3351630510127830e-09	-2.3038402189867711e-09	-1.1217455245730590e-04	1.6238446277306757e-04	1.7040006398103480e-06	-2.4667201474768956e-06	-2.2234428694449243e-09	-1.5358940770417310e-09
2.1224257370419034e-09	-3.0298364860266704e-09	-1.5191459091073515e-04	-1.0641760580599953e-04	2.2865054576076727e-06	1.6017186721737807e-06	1.4149516654574743e-09	-2.0198879846544413e-09
2.7542018773252585e-09	1.9564100987495687e-09	1.0095234937975151e-04	-1.4212460272858567e-04	-1.5056469321500841e-06	2.1197076973416712e-06	1.8361362390857022e-09	1.3042701938762981e-09
-1.8033214320531544e-09	2.5039214060423854e-09	1.3296909493710796e-04	9.5764458050811907e-05	-1.9652925974874063e-06	-1.4154054396648315e-06	-1.2022264279805673e-09	1.6692838536322202e-09
-2.2774587956738178e-09	-1.6629223139491909e-09	-9.0840757355131006e-05	1.2440689566111063e-04	1.3306453869965844e-06	-1.8223258671777454e-06	-1.5183133368734263e-09	-1.1085975245447873e-09
1.5336205491506374e-09	-2.0717047664969126e-09	-1.1639920843173100e-04	-8.6167426113348603e-05	1.6899399585450435e-06	1.2510203353713419e-06	1.0224225210029074e-09	-1.3811267893898819e-09
1.8854187981875450e-09	1.4149954047874844e-09	8.1731731769386847e-05	-1.0890986332067074e-04	-1.1762121223809939e-06	1.5673361940519075e-06	1.2569604948135949e-09	9.4332497646285789e-10
-1.3056151650757569e-09	1.7162586690476772e-09	1.0190382669131153e-04	7.7521610564385785e-05	-1.4537593855809855e-06	-1.1059228331619982e-06	-8.7039164042432338e-10	1.1441472348135918e-09
-1.5627588093646576e-09	-1.2050060877229874e-09	-7.3526751864201487e-05	9.5350446210946082e-05	1.0398899122574023e-06	-1.3485427366727939e-06	-1.0418471839465291e-09	-8.0335277913404374e-10
1.1124142335660717e-09	-1.4232159944000774e-09	-8.9219969557962752e-05	-6.9735478152643059e-05	1.2510545754897628e-06	9.7784038247920416e-07	7.4158743536985744e-10	-9.4880592396610540e-10
1.2966320252343187e-09	1.0272498894282628e-09	6.6137632741405394e-05	-8.3485338812531800e-05	-9.1953183751433505e-07	1.1607223266409893e-06	8.6441712204476265e-10	6.8485090040261098e-10
-9.4872281035747511e-10	1.1815803927148778e-09	7.8119407489111317e-05	6.2723070674232379e-05	-1.0769912598894240e-06	-8.6473004518846853e-07	-6.3246623876012842e-10	7.8773427391511535e-10
-1.0770237197747991e-09	-8.7633742574162336e-10	-5.9483795417629894e-05	7.3099368127884431e-05	8.1323806601659117e-07	-9.9938459512487069e-07	-7.1799894237350702e-10	-5.8424271334412704e-10
8.0970322336802011e-10	-9.8182955652068500e-10	-6.8402310396577188e-05	-5.6409909942091607e-05	9.2743981729723426e-07	7.6483961393418341e-07	5.3979633950164009e-10	-6.5456655679751993e-10
8.9538235001872146e-10	7.4835289620350000e-10	5.3493372781107392e-05	-6.4008030766808441e-05	-7.1935050963930234e-07	8.6074605388988324e-07	5.9690954631033639e-10	4.9889446831300658e-10
-6.9170368543309158e-10	8.1673161946187311e-10	5.9895328063069320e-05	5.0725596084795571e-05	-7.9889241842351627e-07	-6.7658522542313572e-07	-4.6113500013580722e-10	5.4450594732735676e-10
-7.4514753697970763e-10	-6.3943597657318138e-10	-4.8100507080101138e-05	5.6047326389436786e-05	6.3639754001077313e-07	-7.4153855792418951e-07	-4.9675314129557814e-10	-4.2628651149567836e-10
5.9126950508777755e-10	-6.7989474670174147e-10	-5.2446252820763862e-05	-4.5609634206841974e-05	6.8834320156811416e-07	5.9861439124756833e-07	3.9418681009765500e-10	-4.5327690908499948e-10
6.2057672442465053e-10	5.4690621863006570e-10	4.3246716676595469e-05	-4.9077125522637163e-05	-5.6309701927097023e-07	6.3901228103848644e-07	4.1370442552594267e-10	3.6458993103838477e-10
-5.0587665428150110e-10	5.6656340588464446e-10	4.5923194733534481e-05	4.1004384861344449e-05	-5.9323812562431962e-07	-5.2969669252599290e-07	-3.3726965669509778e-10	3.7772430506235682e-10
-5.1732969065582289e-10	-4.6800375916133568e-10	-3.8878202706049594e-05	4.2972121994400734e-05	4.9830694547243501e-07	-5.5077923823191789e-07	-3.4488397312283683e-10	-3.1198210286030597e-10
4.3305146885596336e-10	-4.7241613084751626e-10	-4.0209964667037895e-05	-3.6860799414720255e-05	5.1138119912985955e-07	4.6878727748755981e-07	2.8871800300466864e-10	-3.1493393776998418e-10
4.3150736194368307e-10	4.0086447793147989e-10	3.4947447811010220e-05	-3.7625766126217615e-05	-4.4103487791733502e-07	4.7483510810417650e-07	2.8769084220715526e-10	2.6722147451026688e-10
-3.7104822861517056e-10	3.9430114990127457e-10	3.5206083537328803e-05	3.3131690283339750e-05	-4.4090729501434279e-07	-4.1492839979282320e-07	-2.4737771878913011e-10	2.6284426766493250e-10
-3.6026637057932783e-10	-3.4348187382679605e-10	-3.1410516596129941e-05	3.2942091016127764e-05	3.9039302771713262e-07	-4.0942856277863801e-07	-2.4020403971474714e-10	-2.2899127389646080e-10
3.1807089352555648e-10	-3.2924554409086785e-10	-3.0822674203911596e-05	-2.9777364520259958e-05	3.8020657097844030e-07	3.6731237627962708e-07	2.1203400063824085e-10	-2.1946881517616154e-10
3.0093533984246952e-10	2.9459096836383193e-10	2.8228861396460110e-05	-2.8840020236224048e-05	-3.4561258362453431e-07	3.5309514463851389e-07	2.0062917755319882e-10	1.9642160146922285e-10
-2.7290419836578068e-10	2.7516940070679467e-10	2.6983114042459838e-05	2.6759185651525975e-05	-3.2791351741209977e-07	-3.2519221664005135e-07	-1.8191031814372978e-10	1.8345076143876608e-10
-2.5161037947270665e-10	-2.5275602355122882e-10	-2.5366603804826675e-05	2.5245887417988712e-05	3.0600214442931961e-07	-3.0454592012979809e-07	-1.6772988363093285e-10	-1.6851474217511667e-10
2.3420846017863299e-10	-2.3005505457785199e-10	-2.3619282198348479e-05	-2.4045097240668911e-05	2.8284415826764749e-07	2.8794335327278581e-07	1.5613081855020107e-10	-1.5337211467367582e-10
2.1041181426219092e-10	2.1706231559778404e-10	2.2792526000469480e-05	-2.2097980553933679e-05	-2.7096580795638557e-07	2.6270879985161819e-07	1.4028023931644244e-10	1.4472452360670495e-10
-2.0119882251658615e-10	1.9251669336112293e-10	2.0672714842655882e-05	2.1603451905315268e-05	-2.4399665039271532e-07	-2.5498198570356174e-07	-1.3412355694322812e-10	1.2835871772126328e-10
-1.7614793188614746e-10	-1.8644494258673151e-10	-2.0477322914525306e-05	1.9339620783757325e-05	2.3996412649484477e-07	-2.2663192984557364e-07	-1.1741331288812499e-10	-1.2431571273018280e-10
1.7287210114330174e-10	-1.6112147262365696e-10	-1.8091095860486266e-05	-1.9408418490680848e-05	2.1049751270959517e-07	2.2582511655329965e-07	1.1524107286767649e-10	-1.0743634033887619e-10
1.4746366688251593e-10	1.6032342088822205e-10	1.8395760730300330e-05	-1.6923843286570877e-05	-2.1253509033021069e-07	1.9552931825313645e-07	9.8294547399517520e-11	1.0687728957448648e-10
-1.4866830781626553e-10	1.3499065286473035e-10	1.5829810310251593e-05	1.7434057192802316e-05	-1.8161049236006114e-07	-2.0001551713161497e-07	-9.9130785866707857e-11	9.0006378085217463e-11
-1.2357278126065892e-10	-1.3786575575903246e-10	-1.6523891224110513e-05	1.4806934875179857e-05	1.8825699431696557e-07	-1.6869567950840290e-07	-8.2374074266811987e-11	-9.1895800248460725e-11
1.2787304803746818e-10	-1.1308916786637461e-10	-1.3848596637551249e-05	-1.5659605573913650e-05	1.5668920361837932e-07	1.7717976784373021e-07	8.5261726068063703e-11	-7.5397014918733429e-11
1.0353330253955448e-10	1.1867382991965969e-10	1.4841361734260753e-05	-1.2953178853355572e-05	-1.6677165212441121e-07	1.4555423349065813e-07	6.9026796995120512e-11	7.9104569491918931e-11
-1.1010724237822143e-10	9.4844675770751705e-11	1.2113420182742891e-05	1.4063781564788222e-05	-1.3519194198194540e-07	-1.5695896774944348e-07	-7.3412581783606087e-11	6.3224564693663193e-11
-8.6844621772186549e-11	-1.0214618613850144e-10	-1.3328584929325745e-05	1.1328775604476359e-05	1.4774871276830441e-07	-1.2558062413484474e-07	-5.7901822677065491e-11	-6.8088957387252261e-11
9.4793667200491113e-11	-7.9515521513773258e-11	-1.0593226780315470e-05	-1.2629944929398007e-05	1.1663889588272200e-07	1.3906459947030849e-07	6.3204975622014522e-11	-5.3004157990611326e-11
7.2809426480637337e-11	8.8021271826950553e-11	1.1969186776174086e-05	-9.9065986379095967e-06	-1.3091059798004073e-07	1.0835145058857918e-07	4.8555584077886062e-11	5.8673460235873534e-11
-8.1717401223602528e-11	6.6748847779955956e-11	9.2620774544761015e-06	1.1340612394877203e-05	-1.0063125829999914e-07	-1.2321426754140689e-07	-5.4474298900273064e-11	4.4481163935689200e-11
-6.1127676025331362e-11	-7.5822925686774605e-11	-1.0747126483913245e-05	8.6604405535476442e-06	1.1599792716866618e-07	-9.3475512508152733e-08	-4.0762777531101249e-11	-5.0557890517268376e-11
7.0422180004170314e-11	-5.5987331934114486e-11	-8.0959591855735867e-06	-1.0182492308726917e-05	8.6811718410456145e-08	1.0918529149431496e-07	4.6932598726007874e-11	-3.7319710062011889e-11
5.1290750992315743e-11	6.5397019800586374e-11	9.6492710050711506e-06	-7.5697419254367751e-06	-1.0279577843164336e-07	8.0642103779231220e-08	3.4184743267920314e-11	4.3618091626446260e-11
-6.0767627187507596e-11	4.7018774492842655e-11	7.0751362132688214e-06	9.1411982784830228e-06	-7.4886687605478940e-08	-9.6754894021687770e-08	-4.0495106666136904e-11	3.1356964409362761e-11
-4.3101796636559207e-11	-5.6396927157550575e-11	-8.6624610117147677e-06	6.6141184863143935e-06	9.1099967438054684e-08	-6.9558290373622898e-08	-2.8712298788551199e-11	-3.7600713971494758e-11
5.2391520647322937e-11	-3.9454355784714023e-11	-6.1809853977967701e-06	-8.2061556357111693e-06	6.4589155580299059e-08	8.5751483310729288e-08	3.4934627278206455e-11	-2.6320753315191593e-11
3.6167178306935579e-11	4.8704392506597712e-11	7.7762021584876426e-06	-5.7780351192730796e-06	-8.0744326814973415e-08	5.9996324995629367e-08	2.4096711156115187e-11	3.2455573898573040e-11
-4.5247452714874994e-11	3.3171808114340682e-11	5.3985301175544059e-06	7.3655018533023017e-06	-5.5703179130063663e-08	-7.5998809835107544e-08	-3.0180532792569143e-11	2.2112827000377568e-11
-3.0394564100351913e-11	-4.2029653430207915e-11	-6.9796740112381494e-06	5.0455801172159165e-06	7.1567647541116463e-08	-5.1735983723785185e-08	-2.0271505592216959e-11	-2.8003602226441971e-11
3.9052630380451651e-11	-2.7853249924858782e-11	-4.7132762939213962e-06	-6.6108641633665800e-06	4.8028455598566229e-08	6.7364945151149264e-08	2.6040275794668823e-11	-1.8555368839943463e-11
2.5501684218692239e-11	3.6314639327973989e-11	6.2645296817837065e-06	-4.4050643315818099e-06	-6.3441738343398138e-08	4.4610681372906562e-08	1.7020078687462320e-11	2.4209869199132053e-11
-3.3775202496392192e-11	2.3422677184177126e-11	4.1139027864585695e-06	5.9324365383426565e-06	-4.1406455188469579e-08	-5.9710007284339361e-08	-2.2504996182166967e-11	1.5605405358306086e-11
-2.1464730497483616e-11	-3.1349758965757796e-11	-5.6218454026886821e-06	3.8440159538526553e-06	5.6238883300398564e-08	-3.8454128277335980e-08	-1.4306303935920573e-11	-2.0913098947597052e-11
2.9163033311564168e-11	-1.9649007713057344e-11	-3.5890804725656409e-06	-5.3236284311189163e-06	3.5686249033462317e-08	5.2932870394059043e-08	1.9436188211991097e-11	-1.3115558423943134e-11
1.8020422666306402e-11	2.7125233661382946e-11	5.0450214102440687e-06	-3.3536905553348519e-06	-4.9860495916439972e-08	3.3144888598747335e-08	1.1996916485346881e-11	1.8081590449595566e-11
-2.5231100447746725e-11	1.6530800805992100e-11	3.1302990149808255e-06	4.7763094549389200e-06	-3.0751834832529139e-08	-4.6922123708525840e-08	-1.6829926954269990e-11	1.1035545212948455e-11
-1.5158294477885898e-11	-2.3449453824941614e-11	-4.5266705101506086e-06	2.9242655468291020e-06	4.4204988951278067e-08	-2.8556778288094872e-08	-1.0107528708802229e-11	-1.5610739124551310e-11
2.1803213004441299e-11	-1.3882652767104372e-11	-2.7286560956814269e-06	-4.2853296370408466e-06	2.6488891853548253e-08	4.1600565110473233e-08	1.4537045066447967e-11	-9.2568686896029867e-12
1.2711166823497237e-11	2.0285405008272383e-11	4.0616140736953081e-06	-2.5492510395790142e-06	-3.9196875042330359e-08	2.4601715635143016e-08	8.4821547657861096e-12	1.3530258954879826e-11
-1.8892611778458360e-11	1.1688685593173110e-11	2.3778049065629340e-06	3.8439240873803063e-06	-2.2812970101223995e-08	-3.6879108188836417e-08	-1.2590626560013306e-11	7.7867219143598127e-12
-1.0707065561042805e-11	-1.7537738437580335e-11	-3.6437085007368575e-06	2.2208675384097001e-06	3.4754968781001692e-08	-2.1183413180860157e-08	-7.1406425974327537e-12	-1.1695934404563505e-11
1.6326518328691328e-11	-9.8104914015685450e-12	-2.0707041551679258e-06	-3.4481055064524244e-06	1.9636934047535444e-08	3.2699128806939842e-08	1.0886547987023161e-11	-6.5319365082007782e-12
8.9703914566779088e-12	1.5192022129418955e-11	3.2689310538219392e-06	-1.9343506251860338e-06	-3.0821818837027170e-08	1.8238440519107744e-08	5.9896655806805822e-12	1.0137292860968277e-11
-1.4162239869199062e-11	8.2617202244037573e-12	1.8026740287936831e-06	3.0922221247429199e-06	-1.6899774685121329e-08	-2.8989077007200968e-08	-9.4381535447815766e-12	5.4968100659946462e-12
-7.5618774429995340e-12	-1.3135169606153802e-11	-2.9321435282530835e-06	1.6834987399057938e-06	2.7332182838284415e-08	-1.5692852490033822e-08	-5.0434524862482440e-12	-8.7719977565290502e-12
1.2246051805844312e-11	-6.9231587381142473e-12	-1.5681002011435196e-06	-2.7732234293995181e-06	1.4534574078054295e-08	2.5704748910624445e-08	8.1604099104931592e-12	-4.6153997804208641e-12
6.3326061608809254e-12	1.1393509050215494e-11	2.6302634356596401e-06	-1.4648670013398156e-06	-2.4242702433992959e-08	1.3501436367371495e-08	4.2212036690166007e-12	7.6030936399330445e-12
-1.0633200406750466e-11	5.8292162852444113e-12	1.3635885981196846e-06	2.4863655276603622e-06	-1.2497758611000833e-08	-2.2788394501370314e-08	-7.0838720161082686e-12	3.8873472876351524e-12
-5.3322582725770975e-12	-9.8533228487060592e-12	-2.3589644427539675e-06	1.2734744730503214e-06	2.1500605014485125e-08	-1.1606987999269066e-08	-3.5653569776543385e-12	-6.5828670098906080e-12
9.2019212625620724e-12	-4.8834815899166120e-12	-1.1846185611312704e-06	-2.2293512080097022e-06	1.0737464730773760e-08	2.0206994240609613e-08	6.1209079852710868e-12	-3.2585487527282636e-12
4.4682001290355621e-12	8.5540467811037525e-12	2.1159290744268459e-06	-1.1068841097455582e-06	-1.9073550216903705e-08	9.9777490874650997e-09	2.9692536406023144e-12	5.7092864913228760e-12
-7.9964297889615384e-12	4.1079904655021886e-12	1.0287888021756327e-06	1.9981776262383717e-06	-9.2231009616537167e-09	-1.7913679919472731e-08	-5.3229357451741806e-12	2.7499869092816716e-12
-3.7719373438432938e-12	-7.4063861739003415e-12	-1.8974857905173145e-06	9.6106093765505533e-07	1.6918526248892183e-08	-8.5690944748077918e-09	-2.5029005019964477e-12	-4.9377064894122275e-12
6.9109765844187891e-12	-3.4381189683489978e-12	-8.9241625359173860e-07	-1.7911519307997010e-06	7.9140273196631992e-09	1.5884096275969898e-08	4.6097340527935229e-12	-2.3019937813279912e-12
3.1485343780492327e-12	6.4323510281354757e-12	1.7019398286589324e-06	-8.3433624381750259e-07	-1.5011811670740544e-08	7.3591899260838114e-09	2.0847914031112113e-12	4.2876994026110308e-12
-6.0094870760516664e-12	2.8880420275022232e-12	7.7386712673489223e-07	1.6048767899238553e-06	-6.7893254658622048e-09	-1.4079975471171447e-08	-4.0182281612241132e-12	1.9475432765612092e-12
-2.6552762384962690e-12	-5.5822302768444172e-12	-1.5261470074092076e-06	7.2340972123884162e-07	1.3318041498974573e-08	-6.3128916508153141e-09	-1.7639925776926457e-12	-3.6965749951339197e-12
5.1907731230409834e-12	-2.4274309450137299e-12	-6.7009910745880661e-07	-1.4381428695178084e-06	5.8167319898135378e-09	1.2483662688593864e-08	3.4825149119953813e-12	-1.6141049599384442e-12
2.1991523844176461e-12	4.8511145095541688e-12	1.3689197990228742e-06	-6.2719690228319529e-07	-1.1820239062489544e-08	5.4156698285840600e-09	1.4752162459263355e-12	3.2126655120312908e-12
-4.5282747679954842e-12	2.0509800990369520e-12	5.8007258463165887e-07	1.2880482793438885e-06	-4.9825398605499356e-09	-1.1063703886105317e-08	-3.0314610432629753e-12	1.3548338652319526e-12
-1.8484358430877708e-12	-4.1878074379153677e-12	-1.2275380752575241e-06	5.4296948601956825e-07	1.0489036633030262e-08	-4.6395523435349715e-09	-1.2580654393988047e-12	-2.7917777043524308e-12
3.9311149252560724e-12	-1.7182952499279783e-12	-5.0123460072609708e-07	-1.1537692120944135e-06	4.2607438207254738e-09	9.8076135466177868e-09	2.6078489891180588e-12	-1.1223513098293203e-12
1.5411174039974268e-12	3.6350083058897640e-12	1.1012279165239129e-06	-4.7008568249249895e-07	-9.3127377470022498e-09	3.9753665006325411e-09	1.0310906316867493e-12	2.4343698445684685e-12
-3.4323302806488612e-12	1.4322309985144771e-12	4.3300632793591926e-07	1.0328098681028161e-06	-3.6430173631797910e-09	-8.6893511512725143e-09	-2.2781887722190169e-12	9.6209495859722579e-13
-1.3141761262644330e-12	-3.1505847156730333e-12	-9.8760954570277358e-07	4.0626394303772991e-07	8.2666792463598180e-09	-3.4005885356060197e-09	-8.6430351494388177e-13	-2.1017191069605790e-12
2.9590190027403402e-12	-1.1959568893074709e-12	-3.7320773228151984e-07	-9.2465252588082994e-07	3.1080336156737685e-09	7.7004068090122139e-09	1.9784664723691041e-12	-7.9685243345175716e-13
1.0748867044849636e-12	2.7522422482549131e-12	8.8624675451803705e-07	-3.5119624539226716e-07	-7.3433019676072336e-09	2.9099570262835349e-09	7.1890043234092738e-13	1.8174805372116930e-12
-2.5904302401486562e-12	1.0148335573343006e-12	3.2161805292298890e-07	8.2713494238040515e-07	-2.6514793218016518e-09	-6.8190545447842860e-09	-1.7308521794814734e-12	6.6553252920435320e-13
-9.0879856389018355e-13	-2.3692837666731604e-12	-7.9503240644934530e-07	3.0295128403855328e-07	6.5216387117365963e-09	-2.4851047269020566e-09	-6.1387471694123952e-13	-1.5837307875567188e-12
2.2432839435054067e-12	-8.3872418328561654e-13	-2.7634059555518879e-07	-7.3998112547136403e-07	2.2555299523103448e-09	6.0398285643571801e-09	1.4918497897021953e-12	-5.5603779126570849e-13
7.4031883129940531e-13	2.0655884012685782e-12	7.1380655343708965e-07	-2.6147101692695570e-07	-5.7973708869932562e-09	2.1236068499330369e-09	5.0411144746494950e-13	1.3750985622778913e-12
-1.9765315525935488e-12	7.0955781677152070e-13	2.3743359146593801e-07	6.6130353180124247e-07	-1.9188655900749289e-09	-5.3444525148407750e-09	-1.3011649641191733e-12	4.6747980636093442e-13
-6.3076461709072100e-13	-1.7695784328122208e-12	-6.4067992192794542e-07	2.2509999690793913e-07	5.1524390551565974e-09	-1.8102864880074419e-09	-4.2948507803004938e-13	-1.2048249147013852e-12
1.7150181161412921e-12	-5.7892121045587274e-13	-2.0321477932278078e-07	-5.9101573588007797e-07	1.6262855756610981e-09	4.7297765487121732e-09	1.1173910761208576e-12	-3.9495422215725419e-13
5.2269555204462825e-13	1.5505244083038538e-12	5.7571913997290418e-07	-1.9396568470930623e-07	-4.5850641442728653e-09	1.5447550001331666e-09	3.3510319923558418e-13	1.0391852350652335e-12
-1.5000355517032844e-12	4.8218073044873168e-13	1.7396048406107683e-07	5.2745713928981824e-07	-1.3787018816630072e-09	-4.1802936817629251e-09	-9.9459063407711882e-13	3.4067024286074443e-13
-4.4847459433085404e-13	-1.3511552980401363e-12	-5.1720857960651285e-07	1.6663113229046081e-07	4.0794756164357594e-09	-1.3143006753112583e-09	-2.8604708994932255e-13	-8.8560463059868002e-13
1.2876683304550010e-12	-4.0425014147574733e-13	-1.4814989989388058e-07	-4.7068861594993670e-07	1.1628802505294813e-09	3.6945991150903909e-09	8.6844171026981107e-13	-2.7424943977508333e-13
3.4806282682131145e-13	1.1731858177066118e-12	4.6540132520142043e-07	-1.4335968573147066e-07	-3.6358863457817429e-09	1.1199785544687635e-09	2.3829042851113374e-13	7.7473832265071813e-13
-1.1428480791847657e-12	3.4626836089044073e-13	1.2623057878892198e-07	4.1923776481193722e-07	-9.8139423328930261e-10	-3.2594114735458368e-09	-7.6623972091243441e-13	2.2857506143345485e-13
-3.0224876175912728e-13	-1.0067385301166840e-12	-4.1871980981334219e-07	1.2288867640226727e-07	3.2403326811786501e-09	-9.5099454832990378e-10	-2.0410423112920056e-13	-6.7405639039489798e-13
9.9691496160504922e-13	-2.7866772170826839e-13	-1.0680244496980329e-07	-3.7327852941412984e-07	8.2248536679126453e-10	2.8746181795197761e-09	6.5642778403203609e-13	-1.9421610379493153e-13
2.4272954181036148e-13	8.7435968772633542e-13	3.7757135214192449e-07	-1.0557914097334036e-07	-2.8945915335326456e-09	8.0940589231983433e-10	1.5438545618922887e-13	5.9040557941443541e-13
-8.8265002051752673e-13	2.3594705451996900e-13	9.0448241361921843e-08	3.3149528820762538e-07	-6.8996160248075028e-10	-2.5287252603962363e-09	-5.9505789064710788e-13	1.6716442421780829e-13
-2.1386451623739844e-13	-7.5857915591958941e-13	-3.4048806318625171e-07	9.0308608557486817e-08	2.5861288319443463e-09	-6.8592622016564958e-10	-1.3343834142216617e-13	-5.0486644017962061e-13
7.6976469636673521e-13	-1.9750355819945733e-13	-7.5857391449721600e-08	-2.9414745029897726e-07	5.7316807089073784e-10	2.2225391999283866e-09	5.2037658900167188e-13	-1.3497654354733774e-13
1.4767244885589632e-13	6.6573194610432146e-13	3.0800606697436501e-07	-7.7506478418656933e-08	-2.3179544937870977e-09	5.8328867146833206e-10	1.1818397357574362e-13	4.3705098607934406e-13
-7.0655519357624241e-13	1.8598282743413326e-13	6.3720211720421442e-08	2.6005105339182363e-07	-4.7682333300968586e-10	-1.9459735344741044e-09	-4.7054480781878729e-13	1.0222466433505677e-13
-1.3270137402516925e-13	-5.6799467342285623e-13	-2.7874535349451796e-07	6.6164315857472324e-08	2.0786773656203956e-09	-4.9340458483202725e-10	-1.0446256826698580e-13	-3.8383956009726868e-13
6.3699111646469438e-13	-1.5009607608628938e-13	-5.2791889946947711e-08	-2.2952961772554760e-07	3.9109511139011978e-10	1.7004164303006816e-09	4.1857941017169184e-13	-9.2640479298529673e-14
1.0164136532458914e-13	4.9296392918631796e-13	2.5335245006412920e-07	-5.6757565265646309e-08	-1.8722957523998058e-09	4.1944309210100548e-10	7.3899791218406226e-14	3.3929279657281287e-13
-6.1074554582950192e-13	1.3146286280283024e-13	4.3849665222139553e-08	2.0151329967911447e-07	-3.2136492095750732e-10	-1.4768208909537327e-09	-4.0221886574749748e-13	8.8764151034822752e-14
-9.7065209695786067e-14	-4.2912778985987368e-13	-2.3052174516045888e-07	4.8372153107498987e-08	1.6883646491463606e-09	-3.5428261982489442e-10	-6.3317458757195604e-14	-2.8643791891344052e-13
5.9138999413323107e-13	-1.1901446826819304e-13	-3.5697599181437522e-08	-1.7638002792024848e-07	2.5840688036518726e-10	1.2768001352720811e-09	3.8876839328686145e-13	-7.9498329935711660e-14
6.7083971042800072e-14	3.6411145704436898e-13	2.1100325544856673e-07	-4.1513341174424481e-08	-1.5317342431212295e-09	3.0135748863003011e-10	4.3914048529117076e-14	2.5200006655555292e-13
-6.3763449991734742e-13	1.1482952833657765e-13	2.9187205474398290e-08	1.5318020945134367e-07	-2.0808127846756805e-10	-1.0919539116580147e-09	-4.1626640859211757e-13	8.5634133156387703e-14
-7.2134330839232508e-14	-2.9513890641427615e-13	-1.9357006274413776e-07	3.5347881880449130e-08	1.3928564553760906e-09	-2.5434986426402864e-10	-2.8928439014649948e-14	-2.0629919020447739e-13
7.0708543612042355e-13	-1.1485143735571533e-13	-2.3166296466118627e-08	-1.3239321882265752e-07	1.6162786045133411e-10	9.2380246428012020e-10	4.8597944089953500e-13	-9.4807581602860443e-14
3.7675641958813010e-14	2.2706677489213734e-13	1.7909755514152894e-07	-3.0400873078490286e-08	-1.2775129186770123e-09	2.1685111620799785e-10	1.5181071908502716e-14	1.3986147878032076e-13
-9.0787202911776204e-13	1.5302033863820841e-13	1.8570395813233719e-08	1.1334554351097131e-07	-1.2532010083721234e-10	-7.6452194289182954e-10	-6.1928056179241109e-13	9.5962373805396967e-14
-1.2612511176575422e-14	-9.7247277077195915e-14	-1.6648595872120115e-07	2.5912607064194049e-08	1.1773169235065826e-09	-1.8324283535673495e-10	-1.9913568251437068e-14	-5.7248767423007119e-14
1.2492856780702747e-12	-1.9433935652809267e-13	-1.4338270650074190e-08	-9.7092240893635407e-08	9.0949768272741418e-11	6.1643286467579685e-10	8.3714943805077213e-13	-1.1667516991998463e-13
-2.6496407968102530e-14	-1.2119460308443805e-13	1.5681446190697116e-07	-2.2422077524240790e-08	-1.0994468700046685e-09	1.5720416633950586e-10	-1.0409908835897094e-14	-7.4765573796573493e-14
-1.8775561511108391e-12	2.5512473608176959e-13	1.1651496446675738e-08	8.4788742603197622e-08	-6.5656393599027308e-11	-4.7621679328138362e-10	-1.2504300080025768e-12	1.7063579241109742e-13
5.6736259036083348e-14	5.0828893945675344e-13	-1.4919969518152921e-07	1.9232731450349036e-08	1.0371919573845331e-09	-1.3370049698292599e-10	4.4890429450940501e-14	3.3525552102330827e-13
3.0141959193791239e-12	-3.7039149776617973e-13	-1.0227599481286495e-08	-8.4745442902627145e-08	4.3532366841464503e-11	3.6359316225122880e-10	2.0212829640461667e-12	-2.4665731639638005e-13
-1.5518274390759032e-13	-1.2710817969920255e-12	1.4495631311551890e-07	-1.6873701518392919e-08	-9.9921724870246747e-10	1.1631443095024239e-10	-1.0052576119356834e-13	-8.5435880113377323e-13
-6.0919093664086547e-12	6.6894463171183418e-13	1.8490640838151768e-08	1.6833956325987936e-07	-4.8506984084329880e-11	-4.3597783990745469e-10	-4.0683222173380968e-12	4.4200549739417572e-13
