1.3839470226440641e-05	-6.4488788497383837e-05	-7.5946909420574304e-06	-1.6297655905173823e-06	-2.5959139404994496e-15	1.6671193576013224e-15	9.2263135137202976e-06	-4.2992525680580382e-05	1.8671357714739860e-17	-5.5910054438287881e-18
-1.9194561474201452e-05	-4.2986852850325412e-06	1.2867190105776462e-05	-5.7454306188464322e-05	2.9989881603695685e-08	-1.3391277237612126e-07	-1.2796374316132329e-05	-2.8657901869652854e-06	3.2584807132284886e-08	-1.4549822610183427e-07
-7.5050580712432395e-07	3.2162184183600685e-06	-6.4585995834915214e-05	-1.5070717631218498e-05	-5.9152061995125592e-07	-1.3802758260400219e-07	-5.0033718235572428e-07	2.1441456068467606e-06	-2.4508633616725179e-08	-5.7190991488320358e-09
7.6942985926621529e-06	1.8680380081090650e-06	-7.4609696281008526e-06	3.0730987369307475e-05	-3.6581281829849040e-08	1.5067294521693300e-07	5.1295324106240865e-06	1.2453586748541857e-06	-1.4324508187713626e-08	5.9001499390984013e-08
8.8031131069855243e-07	-3.4899217246620510e-06	7.0750867032967678e-05	1.7846978802180645e-05	6.2041533961311980e-07	1.5650033742948822e-07	5.8687418919639974e-07	-2.3266144997908777e-06	2.6907918348831417e-08	6.7873568924728345e-09
-2.2452609187510190e-06	-5.8769617165795294e-07	9.3480446388773987e-06	-3.5712135337520934e-05	6.4494780400779455e-08	-2.4638905725882880e-07	-1.4968405854487423e-06	-3.9179746617505055e-07	4.5605570370137736e-09	-1.7423356804272267e-08
-5.3649304454949953e-07	1.9772892117510879e-06	-7.4886139591371964e-05	-2.0318120288578703e-05	-6.5029277590349541e-07	-1.7643756934799394e-07	-3.5766205418976881e-07	1.3181928067342650e-06	-1.5425505658704482e-08	-4.1853648890635180e-09
-2.4888855543253851e-06	-6.9916028733031337e-07	-1.2319460680359383e-05	4.3852140856091086e-05	-9.6206221605016380e-08	3.4245380182675564e-07	-1.6592570554575099e-06	-4.6610685766618217e-07	5.4850599982051232e-09	-1.9525833150021061e-08
-2.2541872037582987e-07	7.7568311573955738e-07	7.7932705315851011e-05	2.2645987912526884e-05	6.7799951825407786e-07	1.9701572180674418e-07	-1.5027913234609467e-07	5.1712209575062926e-07	-6.1229909372038907e-09	-1.7793822411004467e-09
7.3509784038697352e-06	2.2074241493634496e-06	1.5533069930927638e-05	-5.1727943290113732e-05	1.2851122336362544e-07	-4.2796605202403372e-07	4.9006522694719861e-06	1.4716160967925547e-06	-1.7529343858753664e-08	5.8374747666081504e-08
1.4238004740463734e-06	-4.5923050177303956e-06	-7.9585108063595945e-05	-2.4674561676417943e-05	-6.9757187381136517e-07	-2.1627512929962413e-07	9.4920033540311293e-07	-3.0615367120823219e-06	3.6689291315603294e-08	1.1375165610416868e-08
-1.2578514884442159e-05	-4.0232319084431007e-06	-1.8554750966344721e-05	5.8009874447279865e-05	-1.5879417121158335e-07	4.9645657877886783e-07	-8.3856765864280274e-06	-2.6821545536112441e-06	3.2337460062948578e-08	-1.0110210793791408e-07
-3.0828486190237019e-06	9.3498687823557586e-06	7.9297485767433734e-05	2.6146039308717678e-05	7.0252489816156947e-07	2.3163716268240447e-07	-2.0552324090952251e-06	6.2332458595010965e-06	-7.5610757273094731e-08	-2.4930458885496647e-08
1.8213036893178220e-05	6.1859695884849915e-06	2.0986109158544696e-05	-6.1788951435732268e-05	1.8398016049008200e-07	-5.4168902346440564e-07	1.2142024605151622e-05	4.1239797069406526e-06	-5.0331689643849186e-08	1.4818904436155305e-07
5.2121604433224142e-06	-1.4907717886709281e-05	-7.6471692754994069e-05	-2.6736534552121551e-05	-6.8625253578202897e-07	-2.3993208888651062e-07	3.4747736318157075e-06	-9.9384785711500232e-06	1.2204519794620172e-07	4.2670458128954445e-08
-2.4199316040034322e-05	-8.7038862296371625e-06	-2.2402924600239572e-05	6.2285947169398500e-05	-2.0037774804040067e-07	5.5710206694491555e-07	-1.6132877362236767e-05	-5.8025908425553103e-06	7.1698774206420076e-08	-1.9934328762525576e-07
-7.7969166314886717e-06	2.1084738861644854e-05	7.0496929546031751e-05	2.6069126903866146e-05	6.4200900188271643e-07	2.3740914214594504e-07	-5.1979444418346591e-06	1.4056492545557214e-05	-1.7477302516069595e-07	-6.4629243238295498e-08
3.0412005204616726e-05	1.1555613320589891e-05	2.2338141651065930e-05	-5.8789878015513901e-05	2.0360270014907385e-07	-5.3584496987509757e-07	2.0274670138869814e-05	7.7037422114614673e-06	-9.6387789420879493e-08	2.5367290098313929e-07
1.0789120448454934e-05	-2.7649078317731026e-05	-6.0780321654247465e-05	-2.3717321703942325e-05	-5.6303031515754337e-07	-2.1970218790141880e-07	7.1927469895314453e-06	-1.8432718885254607e-05	2.3208702332787564e-07	9.0564134619388686e-08
-3.6662698306520771e-05	-1.4684722918816679e-05	-2.0293555561095572e-05	5.0665565883128527e-05	-1.8868725080936948e-07	4.7108276646192336e-07	-2.4441798868931627e-05	-9.7898152558256494e-06	1.2404904383495624e-07	-3.0970776234914642e-07
-1.4101086479711825e-05	3.4314934283152305e-05	4.6771962005189522e-05	1.9220212398186494e-05	4.4268576431837670e-07	1.8191486252836436e-07	-9.4007243313943073e-06	2.2876622876584260e-05	-2.9173379613173764e-07	-1.1988259860869165e-07
4.2700191033327904e-05	1.7993959948792977e-05	1.5750490195398263e-05	-3.7376749908067802e-05	1.5016122030819865e-07	-3.5634063554895988e-07	2.8466794035415650e-05	1.1995973309319437e-05	-1.5396545564133992e-07	3.6536451044478726e-07
1.7598254338026978e-05	-4.0741284736222896e-05	-2.8009380135475471e-05	-1.2098534870159960e-05	-2.7486005205737266e-07	-1.1872466481622624e-07	1.1732169551064412e-05	-2.7160856516634555e-05	3.5086734181007564e-07	1.5155763376026494e-07
-4.8212314967459027e-05	-2.1337921966366363e-05	-8.1993315479945189e-06	1.8525783782252682e-05	-8.2310917358009492e-08	1.8597545378096625e-07	-3.2141543279673930e-05	-1.4225281311999606e-05	1.8496508825861485e-07	-4.1792237816642109e-07
-2.1094306668742760e-05	4.6535061698461506e-05	4.1578866982127724e-06	1.8849339729804190e-06	5.4340600399716219e-08	2.4634197054738707e-08	-1.4062871116696974e-05	3.1023374451842794e-05	-4.0603775530530023e-07	-1.8405659357363795e-07
5.2828950561501504e-05	2.4518033743317664e-05	-2.8344035165693497e-06	6.1069793252549836e-06	-2.0584237689334871e-08	4.4349722123648123e-08	3.5219300363409000e-05	1.6345355826877461e-05	-2.1534689149393170e-07	4.6400744856722233e-07
2.4346433764073346e-05	-5.1256262230443630e-05	2.4933642660007757e-05	1.1843502441235878e-05	2.2259970279919869e-07	1.0573524075544159e-07	1.6230955843803646e-05	-3.4170841471715095e-05	4.5319615545099812e-07	2.1526560254909197e-07
-5.6129945223121139e-05	-2.7278000362248028e-05	1.7745380691006639e-05	-3.6514908084399007e-05	1.6381384020757759e-07	-3.3708225024068537e-07	-3.7419963488275852e-05	-1.8185333600908382e-05	2.4280471841161602e-07	-4.9961930346038335e-07
-2.7054057263167571e-05	5.4427993430768392e-05	-5.9186377595423637e-05	-2.9419080215239017e-05	-5.5766178374218037e-07	-2.7719028353092288e-07	-1.8036038143839759e-05	3.6285328974436304e-05	-4.8774422502096060e-07	-2.4243885099388401e-07
5.7655869506997554e-05	2.9303111703866091e-05	-3.6807772793748639e-05	7.2421572713889893e-05	-3.5180941150421511e-07	6.9220653837508834e-07	3.8437246305391588e-05	1.9535407758913577e-05	-2.6437988672032762e-07	5.2018544684191173e-07
2.8859139473888137e-05	-5.5549317057706417e-05	9.8234772851103666e-05	5.1035386057976042e-05	9.4982127242762265e-07	4.9345568821211018e-07	1.9239426331887904e-05	-3.7032878014308124e-05	5.0461325602310549e-07	2.6215811655111834e-07
-5.6924549696480519e-05	-3.0221784356189865e-05	6.0116771380676536e-05	-1.1323371028118096e-04	5.8749897166676693e-07	-1.1065914216909403e-06	-3.7949699767778816e-05	-2.0147856240987145e-05	2.7643028210905392e-07	-5.2067307296315671e-07
-2.9351489575336140e-05	5.4113543490150516e-05	-1.4138497212485638e-04	-7.6687797123736504e-05	-1.3947251530363486e-06	-7.5650460377499571e-07	-1.9567659730879997e-05	3.6075695684019746e-05	-4.9839997157203837e-07	-2.7033494089946041e-07
5.3450918849660195e-05	2.9612509420631709e-05	-8.7536293028793799e-05	1.5800387318541084e-04	-8.7167631739370188e-07	1.5733841122040452e-06	3.5633945897619924e-05	1.9741672981449315e-05	-2.7464699713321584e-07	4.9574097662222337e-07
2.8077311446447434e-05	-4.9629792468740974e-05	1.8756875556191559e-04	1.0611441417906390e-04	1.8839811083202678e-06	1.0658362283725733e-06	1.8718207604004787e-05	-3.3086528325757120e-05	4.6354433247105368e-07	2.6224326006756154e-07
-4.6772669438709733e-05	-2.7014782894574337e-05	1.1863195798817743e-04	-2.0539623194145443e-04	1.2021570657323378e-06	-2.0813831697812502e-06	-3.1181779624237020e-05	-1.8009855249084484e-05	2.5410985327454782e-07	-4.3995897439210268e-07
-2.4554322292084506e-05	4.1649872230612539e-05	-2.3531948464963997e-04	-1.3873033335306273e-04	-2.4046169397408459e-06	-1.4176186043395170e-06	-1.6369548241512743e-05	2.7766581487144092e-05	-3.9457296984872356e-07	-2.3261708553688105e-07
3.6478861001382535e-05	2.1946874643729435e-05	-1.5261516674982574e-04	2.5366838422953341e-04	-1.5729830869509318e-06	2.6145241566235383e-06	2.4319240713790089e-05	1.4631249798370925e-05	-2.0941296230834767e-07	3.4807445078830129e-07
1.8291607002907809e-05	-2.9798023125570908e-05	2.8275052920991880e-04	1.7356753887405726e-04	2.9385070156505561e-06	1.8038143741022971e-06	1.2194404653669909e-05	-1.9865348782312961e-05	2.8639131240715329e-07	1.7580217659829802e-07
-2.2243398595779132e-05	-1.3929002305793141e-05	1.8827857778500848e-04	-3.0066412688189298e-04	1.9734549434729874e-06	-3.1514321060870062e-06	-1.4828932387296876e-05	-9.2860015697883249e-06	1.3485360341617216e-07	-2.1534941158778217e-07
-8.8172092536980590e-06	1.3804819405492816e-05	-3.2756326062393135e-04	-2.0921593317250887e-04	-3.4620678266275928e-06	-2.2112360938911482e-06	-5.8781395219357023e-06	9.2032129400332733e-06	-1.3464203610410773e-07	-8.5996562224103648e-08
3.8600156247103975e-06	2.5142181808428680e-06	-2.2395082728536477e-04	3.4382925003692886e-04	-2.3872899760140337e-06	3.6651798739998854e-06	2.5733437271366005e-06	1.6761454467706882e-06	-2.4713667291056186e-08	3.7942268752254999e-08
-4.2887299236206468e-06	6.4576621315307728e-06	3.6706472045889643e-04	2.4377839853372463e-04	3.9460175372410694e-06	2.6206656106764169e-06	-2.8591532456411334e-06	4.3051080812253553e-06	-6.3891843428646899e-08	-4.2432517492369130e-08
1.8720016946491469e-05	1.2674734078086594e-05	2.5745207316778284e-04	-3.8024616130741224e-04	2.7916988705196706e-06	-4.1232250838930948e-06	1.2480011264618659e-05	8.4498227153900022e-06	-1.2637398224064926e-07	1.8664873516349592e-07
2.1352926233887218e-05	-3.0938969270914962e-05	-3.9822201392727914e-04	-2.7483796539545249e-04	-4.3555232949706388e-06	-3.0060193996103493e-06	1.4235284197727326e-05	-2.0625979526653283e-05	3.1083011830328485e-07	2.1452339047491756e-07
-4.5351424649814634e-05	-3.1901133405913356e-05	-2.8608007765786595e-04	4.0669782592344566e-04	-3.1567204139626983e-06	4.4876639606095994e-06	-3.0234283113204039e-05	-2.1267422274387195e-05	3.2295037522061720e-07	-4.5911408327618428e-07
-4.2562875890007222e-05	5.9375102250330009e-05	4.1773234966770167e-04	2.9945036552558624e-04	4.6505224068450373e-06	3.3337152441292036e-06	-2.8375250582238873e-05	3.9583401526094095e-05	-6.0571371041850993e-07	-4.3420417835254133e-07
7.5659220667005612e-05	5.5264970284514374e-05	3.0660934063545003e-04	-4.1975677120329385e-04	3.4446235171622543e-06	-4.7157862969333126e-06	5.0439480420097214e-05	3.6843313505234373e-05	-5.6815943950355754e-07	7.7782545039125805e-07
6.7914376629045782e-05	-9.1255457399710751e-05	-4.2213479997689517e-04	-3.1416212944449662e-04	-4.7865551487315192e-06	-3.5622608895922743e-06	4.5276251136057152e-05	-6.0836971605995791e-05	9.4549976313128426e-07	7.0366232119810231e-07
-1.0900829657440721e-04	-8.2648329366885842e-05	-3.1533426066967173e-04	4.1590704227516858e-04	-3.6097606951744079e-06	4.7610583335902104e-06	-7.2672197750775822e-05	-5.5098886226331944e-05	8.6306764680081703e-07	-1.1383355811511447e-06
-9.7156550869296741e-05	1.2579574810861013e-04	4.0794046638332050e-04	3.1506714513540227e-04	4.7158747507482885e-06	3.6422404433601668e-06	-6.4771033864174208e-05	8.3863832102081757e-05	-1.3240715593635311e-06	-1.0226277733591348e-06
1.4447845975059485e-04	1.1365886816393831e-04	3.0813886295310243e-04	-3.9169368998245656e-04	3.5986960267653677e-06	-4.5745174564844984e-06	9.6318973139454688e-05	7.5772578758929540e-05	-1.2058981390825327e-06	1.5328879174173874e-06
1.2973430360892275e-04	-1.6191800628560045e-04	-3.7180503883275554e-04	-2.9790288196251816e-04	-4.3891736691350538e-06	-3.5167555127210435e-06	8.6489535762359924e-05	-1.0794533749445016e-04	1.7317767424820570e-06	1.3875593877363478e-06
-1.8084983547568418e-04	-1.4757256941203917e-04	-2.8062412694544498e-04	3.4390393664354295e-04	-3.3510319505509439e-06	4.1066782784231711e-06	-1.2056655700703592e-04	-9.8381712944485978e-05	1.5911823126898379e-06	-1.9499901686406283e-06
-1.6473340860216238e-04	1.9824174297743857e-04	3.1071706960148252e-04	2.5819746875110309e-04	3.7576542375169365e-06	3.1225090626741017e-06	-1.0982227240047641e-04	1.3216116195870895e-04	-2.1550414228470717e-06	-1.7907798530982215e-06
2.1659912203178029e-04	1.8328040628741679e-04	2.2827394092606146e-04	-2.6977231588794736e-04	2.8007610736600632e-06	-3.3099172563857077e-06	1.4439941467839183e-04	1.2218693752986839e-04	-2.0088701410416032e-06	2.3740645144002422e-06
2.0082964992568900e-04	-2.3308770041818522e-04	-2.2222277586195829e-04	-1.9146818662976457e-04	-2.7757669546922766e-06	-2.3916136865714190e-06	1.3388643329471990e-04	-1.5539180026377119e-04	2.5760848525974338e-06	2.2195689353529417e-06
-2.4991158905681273e-04	-2.1924167857386177e-04	-1.4668891156678000e-04	1.6720912742948036e-04	-1.8785930682772340e-06	2.1413880383264604e-06	-1.6660772602602813e-04	-1.4616111903162018e-04	2.4434251348221116e-06	-2.7852380177616069e-06
-2.3624857191225423e-04	2.6449804016036234e-04	1.0465635466065066e-04	9.3478822029759612e-05	1.4042861387654149e-06	1.2543052618092950e-06	-1.5749904793542675e-04	1.7633202673984530e-04	-2.9727898074281507e-06	-2.6552837454994034e-06
2.7870914102321598e-04	2.5344991365308634e-04	3.1865373428536385e-05	-3.5041337541568161e-05	5.1506327211392489e-07	-5.6639823939257506e-07	1.8580609402514978e-04	1.6896660910875469e-04	-2.8729688936479768e-06	3.1592936092121809e-06
2.6873869387363056e-04	-2.9027415003782508e-04	4.2607328066589235e-05	3.9446488472873507e-05	3.8598957209887115e-07	3.5735574891283851e-07	1.7915912922129325e-04	-1.9351610003305020e-04	3.3187609953751924e-06	3.0725419222652010e-06
-3.0069869621137356e-04	-2.8341550755701299e-04	1.1945540035525675e-04	-1.2674019795959411e-04	1.3551288118577610e-06	-1.4377697781373416e-06	-2.0046579744273634e-04	-1.8894367171498424e-04	3.2685294449487072e-06	-3.4678502636691928e-06
-2.9556585103938487e-04	3.0803503088453816e-04	-2.1891353709587973e-04	-2.1005176143836958e-04	-2.6103229714445180e-06	-2.5046547973963985e-06	-1.9704390068812008e-04	2.0535668726305524e-04	-3.5836290125814137e-06	-3.4385646205035979e-06
3.1344033306729435e-04	3.0617191552453644e-04	-3.0939675196076251e-04	3.1674154487331833e-04	-3.7878014732465845e-06	3.8777199133703693e-06	2.0896022206031410e-04	2.0411461035814966e-04	-3.5934861354386002e-06	3.6787942785290750e-06
3.1353249100656553e-04	-3.1529643722436138e-04	4.2208916776097276e-04	4.1972798184479742e-04	5.2656776922852750e-06	5.2362216532106364e-06	2.0902166066835270e-04	-2.1019762480657266e-04	3.7336326208550199e-06	3.7127445722354472e-06
-3.1443803548668976e-04	-3.1831040115620540e-04	5.3849690033960871e-04	-5.3194604507500313e-04	6.8225896964503501e-06	-6.7395928181234972e-06	-2.0962535697149974e-04	-2.1220693414598942e-04	3.8032957184283712e-06	-3.7570271964003854e-06
-3.1902999587151050e-04	3.0957204966629889e-04	-6.4824533924062006e-04	-6.6805009064630481e-04	-8.3264228261885953e-06	-8.5808056460921153e-06	-2.1268666389446145e-04	2.0638136648049791e-04	-3.7325301487344677e-06	-3.8465652158150332e-06
3.0125079600702893e-04	3.1605025173992048e-04	-8.0523788599596452e-04	7.6753144651620217e-04	-1.0475221456337454e-05	9.9847034902008968e-06	2.0083386398881984e-04	2.1070016784727869e-04	-3.8456197774069436e-06	3.6655437308178945e-06
3.0812786902003210e-04	-2.8849500046559116e-04	8.9161147789573215e-04	9.5228830567957630e-04	1.1739938134317521e-05	1.2538876441511999e-05	2.0541857937066360e-04	-1.9233000031688305e-04	3.5428620840759163e-06	3.7839634733816871e-06
-2.7162465509240500e-04	-2.9534919291702424e-04	1.1055445847334660e-03	-1.0167395407385113e-03	1.4728470191221655e-05	-1.3545377273684095e-05	-1.8108310336497913e-04	-1.9689946193136030e-04	3.6609646777118950e-06	-3.3668900805928650e-06
-2.7670702355524505e-04	2.4995853128205751e-04	-1.1444443321958170e-03	-1.2669130244475279e-03	-1.5422742331797204e-05	-1.7073152535143208e-05	-1.8447134906835261e-04	1.6663902088484377e-04	-3.1275959504008726e-06	-3.4622853722692961e-06
2.2364094621647986e-04	2.5205963463746954e-04	-1.4323029279668712e-03	1.2708165631445060e-03	-1.9522321012976926e-05	1.7321257806282675e-05	1.4909396417477823e-04	1.6803975636357099e-04	-3.1839734805071862e-06	2.8249935495745118e-06
2.2063949610374406e-04	-1.9227148250956615e-04	1.3970033220744508e-03	1.6031195129816106e-03	1.9257047921608805e-05	2.2098265202585198e-05	1.4709299740778579e-04	-1.2818098832658399e-04	2.4521500925779702e-06	2.8139438754955878e-06
-1.5587836140527249e-04	-1.8213353761342837e-04	1.7748996937770592e-03	-1.5190418165862648e-03	2.4743220196180544e-05	-2.1176400598195477e-05	-1.0391890761237485e-04	-1.2142235837520174e-04	2.3454943689972955e-06	-2.0073832850064458e-06
-1.3601919513242733e-04	1.1432426005961321e-04	-1.6376358545743097e-03	-1.9484042147676487e-03	-2.3088469932333217e-05	-2.7469886696848958e-05	-9.0679463368730488e-05	7.6216173386279892e-05	-1.4867917535887450e-06	-1.7689352864135209e-06
6.7581062571379205e-05	8.1878347082381856e-05	-2.1188449153036245e-03	1.7488605404430194e-03	-3.0213197062301122e-05	2.4937486840893650e-05	4.5054041681426518e-05	5.4585564728974433e-05	-1.0755653041893365e-06	8.8775419447720646e-07
1.9442460815871458e-05	-1.5757891454857800e-05	1.8529614390826123e-03	2.2862291312331518e-03	2.6724839269515369e-05	3.2973760639386117e-05	1.2961640559060169e-05	-1.0505260960452226e-05	2.0936387567455294e-07	2.5831812267841771e-07
4.1172853230077836e-05	5.1737303532728231e-05	2.4454898939872613e-03	-1.9461363415213730e-03	3.5678968914721411e-05	-2.8393549823768614e-05	2.7448568868500539e-05	3.4491535701181079e-05	-6.9257287566843035e-07	5.5115360482746295e-07
1.3166180447017807e-04	-1.0287151343036940e-04	-2.0281942182118289e-03	-2.5958177523284229e-03	-2.9936922476384650e-05	-3.8315262452902762e-05	8.7774536269818798e-05	-6.8581008983947944e-05	1.3917164274402417e-06	1.7812112392952846e-06
-1.6931340362335987e-04	-2.2073113682800381e-04	-2.7319121332336888e-03	2.0955324330996271e-03	-4.0802139798028202e-05	3.1297568094552535e-05	-1.1287560241527467e-04	-1.4715409119557909e-04	3.0173277873806486e-06	-2.3144629482738088e-06
-3.1865953803479320e-04	2.3994326494539045e-04	2.1475853975563486e-03	2.8521267873370297e-03	3.2460996688130754e-05	4.3110220185685872e-05	-2.1243969201297308e-04	1.5996217663565769e-04	-3.3142913059993789e-06	-4.4015844207228640e-06
3.1463998440679726e-04	4.2571576400640584e-04	2.9509875556895213e-03	-2.1810298901407668e-03	4.5150901916562227e-05	-3.3370343380812310e-05	2.0975998964525646e-04	2.8381050931596506e-04	-5.9424119529577734e-06	4.3919454299643959e-06
5.4130388424345312e-04	-3.9264806077311863e-04	-2.1950160207380065e-03	-3.0260447675393909e-03	-3.4004094946098125e-05	-4.6877977821013326e-05	3.6086925617733151e-04	-2.6176537385087182e-04	5.5392506705540939e-06	7.6364006414404651e-06
-4.7371508946886920e-04	-6.6547898204471622e-04	-3.0717265985925352e-03	2.1865800514037979e-03	-4.8194719574080693e-05	3.4306963052383012e-05	-3.1581005968553107e-04	-4.4365265473964748e-04	9.4892782032739268e-06	-6.7548553670167271e-06
-7.9730773165201179e-04	5.5690182207340127e-04	2.1547088216947821e-03	3.0848635607242793e-03	3.4251786108925731e-05	4.9037757249352638e-05	-5.3153848773561884e-04	3.7126788137205975e-04	-8.0274476577369729e-06	-1.1492772747832383e-05
6.4180099366950051e-04	9.3655213691245945e-04	3.0598949454964572e-03	-2.0968868311686678e-03	4.9302725311435759e-05	-3.3786204681899642e-05	4.2786732908029114e-04	6.2436809126479036e-04	-1.3648383707182830e-05	9.3529723323665485e-06
1.0819129985999106e-03	-7.2730925831575647e-04	-2.0120751596877542e-03	-2.9930735109909832e-03	-3.2879223704507014e-05	-4.8909670104378950e-05	7.2127533241309960e-04	-4.8487283885315086e-04	1.0716935619842922e-05	1.5942038161213661e-05
-8.1285330827761447e-04	-1.2327868237953757e-03	-2.8789917660961644e-03	1.8982987625796176e-03	-4.7747678083877448e-05	3.1483020511116267e-05	-5.4190220552678627e-04	-8.2185788253776103e-04	1.8369400472386772e-05	-1.2112092421672795e-05
-1.3874814716674743e-03	8.9718963584514092e-04	1.7546480781539411e-03	2.7135199202764832e-03	2.9565127954056319e-05	4.5721740877874741e-05	-9.2498764777601105e-04	5.9812642389783712e-04	-1.3520765692875370e-05	-2.0909528079926883e-05
9.7958148687827683e-04	1.5449659940559852e-03	2.4915954870453174e-03	-1.5797895613628337e-03	4.2716495497684687e-05	-2.7084282023659082e-05	6.5305432460301778e-04	1.0299773293776305e-03	-2.3550600061007969e-05	1.4932193920298573e-05
1.7031337647228654e-03	-1.0586754596697047e-03	-1.3730989383727093e-03	-2.2089591508346195e-03	-2.4009231055696921e-05	-3.8624609136965906e-05	1.1354225097872377e-03	-7.0578363976784761e-04	1.6325601389022149e-05	2.6263651148528057e-05
-1.1335880967418682e-03	-1.8604796681772854e-03	-1.8611331811582933e-03	1.1339860716176986e-03	-3.3329506523662707e-05	2.0307625357315130e-05	-7.5572539782810168e-04	-1.2403197788066417e-03	2.9027747720575474e-05	-1.7686572906785478e-05
-2.0144707804144023e-03	1.2028936125914021e-03	8.6226799228628634e-04	1.4440296610654716e-03	1.5952510045549533e-05	2.6715473952639780e-05	-1.3429805202293413e-03	8.0192907502710459e-04	-1.8991436935587980e-05	-3.1804720208103309e-05
1.2655932682247245e-03	2.1631005571591715e-03	9.5405799235893983e-04	-5.5820327683276294e-04	1.8669591398057815e-05	-1.0923263958531721e-05	8.4372884543844947e-04	1.4420670381119728e-03	-3.4562987044076991e-05	2.0222214628403856e-05
2.3034131219387892e-03	-1.3202350587281809e-03	-2.2218649264781813e-04	-3.8764826862876218e-04	-5.2003943104002020e-06	-9.0731171227642741e-06	1.5356087479799481e-03	-8.8015670581318914e-04	2.1352706601722119e-05	3.7254051273785801e-05
-1.3657504132675324e-03	-2.4328979775235914e-03	2.5754227730594376e-04	-1.4457612253188163e-04	2.1765232203547198e-06	-1.2218341210658152e-06	-9.1050027548907097e-04	-1.6219319850390569e-03	3.9834341939001174e-05	-2.2361714083282314e-05
-2.5481999960956180e-03	1.4007159468599538e-03	-5.4099924888527872e-04	-9.8419225480997894e-04	-8.3522129567443991e-06	-1.5194442950015262e-05	-1.6987999974287466e-03	9.3381063122416634e-04	-2.3221075256390651e-05	-4.2244070981433998e-05
1.4240520595666308e-03	2.6463314544311052e-03	-1.7929636600566353e-03	9.6483494731501357e-04	-3.0063733897207322e-05	1.6177985063625726e-05	9.4936803976489528e-04	1.7642209696352583e-03	-4.4426639842832862e-05	2.3907000712325076e-05
2.7235880087997312e-03	-1.4344276369108791e-03	1.4142408134530751e-03	2.6852591031161625e-03	2.4694383831407367e-05	4.6887927833690900e-05	1.8157253391692634e-03	-9.5628509127147451e-04	2.4390169842771231e-05	4.6310299941411520e-05
-1.4308221714944684e-03	-2.7765658305237625e-03	3.6595584479553545e-03	-1.8858468381926865e-03	6.5718700415202965e-05	-3.3866218672691144e-05	-9.5388144760109048e-04	-1.8510438870135695e-03	4.7824834620757090e-05	-2.4645132837442904e-05
-2.8012929540309141e-03	1.4120678197528773e-03	-2.3770410650627112e-03	-4.7156289001729244e-03	-4.3672849614945066e-05	-8.6639205010637517e-05	-1.8675286360487966e-03	9.4137854649390166e-04	-2.4642472420946891e-05	-4.8886309428599062e-05
1.3772823658897201e-03	2.7940488890201695e-03	-5.8491786394315173e-03	2.8832602385505885e-03	-1.0965402920394492e-04	5.4052221140626254e-05	9.1818824394008407e-04	1.8626992593625293e-03	-4.9410901589184579e-05	2.4356325225920486e-05
2.7507125594724187e-03	-1.3255379514661248e-03	3.4011941118582980e-03	7.0580460788775660e-03	6.4966755835700629e-05	1.3481687507543345e-04	1.8338083729780923e-03	-8.8369196762735230e-04	2.3758518912777065e-05	4.9302893431376397e-05
-1.2561751956447849e-03	-2.6673884208951830e-03	8.3344812829233162e-03	-3.9250260849439597e-03	1.6206499472634812e-04	-7.6322606944344696e-05	-8.3745013043146652e-04	-1.7782589472375224e-03	4.8465660135951996e-05	-2.2824332455899992e-05
-2.5399656119331490e-03	1.1685853404037178e-03	-4.4509164574580750e-03	-9.6742392827969571e-03	-8.8065904961666305e-05	-1.9141465312749872e-04	-1.6933104079146020e-03	7.7905689358635972e-04	-2.1528452568751336e-05	-4.6792927585097567e-05
1.0624176859071002e-03	2.3645592144519779e-03	-1.1065282356000447e-02	4.9717305407864986e-03	-2.2270910021530044e-04	1.0006519397895466e-04	7.0827845723486326e-04	1.5763728096860397e-03	-4.4177063785484599e-05	1.9849151412593251e-05
2.1372719525693095e-03	-9.3746049106900500e-04	5.4834065470674475e-03	1.2501360447352115e-02	1.1225385788864456e-04	2.5592228788752329e-04	1.4248479683876634e-03	-6.2497366076517871e-04	1.7765846252151426e-05	4.0503514827031207e-05
-7.9375335034195089e-04	-1.8544601149593476e-03	1.3965119740029985e-02	-5.9774059095369760e-03	2.9076805938835150e-04	-1.2445569831317686e-04	-5.2916890020347242e-04	-1.2363067432789236e-03	3.5656656165400957e-05	-1.5261902948471044e-05
-1.5126884047008218e-03	6.3155312707750344e-04	-6.4499193609231656e-03	-1.5448768215923177e-02	-1.3659889037296235e-04	-3.2717999486944440e-04	-1.0084589364623088e-03	4.2103541808959517e-04	-1.2323546906869275e-05	-2.9517210376700830e-05
4.5136130544017885e-04	1.1088276866143671e-03	-1.6928280620004031e-02	6.8908549249084346e-03	-3.6469394942481982e-04	1.4845294320478644e-04	3.0090753695706036e-04	7.3921845771868602e-04	-2.1966026634742303e-05	8.9415285845020299e-06
6.4019759007955522e-04	-2.5396336099905910e-04	7.2973623628480658e-03	1.8395385800149860e-02	1.5995454403962080e-04	4.0321768568028782e-04	4.2679839334081271e-04	-1.6930890737124036e-04	5.1110965909119697e-06	1.2884188113430868e-05
-4.0377172644896334e-05	-1.0449523450326435e-04	1.9817514156718525e-02	-7.6575266227106144e-03	4.4204068462221340e-04	-1.7080539483391228e-04	-2.6918115074819396e-05	-6.9663489634943458e-05	2.1551880481138586e-06	-8.3276907638665132e-07
4.9987066288355590e-04	-1.8804105359480875e-04	-7.9704576563215251e-03	-2.1187915193839536e-02	-1.8097310299237840e-04	-4.8108187830832408e-04	3.3324710854830869e-04	-1.2536070240954761e-04	3.8869421780262414e-06	1.0332681737566339e-05
-4.2972666809726540e-04	-1.1740354980274727e-03	-2.2462733893655325e-02	8.2219280302067883e-03	-5.1928442805877957e-04	1.9007121715753581e-04	-2.8648444538143409e-04	-7.8269033204017688e-04	2.4685165170174150e-05	-9.0353944156979057e-06
-1.9181312550241097e-03	6.8273437843810653e-04	8.4144208695462429e-03	2.3640180563071676e-02	1.9813374260794575e-04	5.5665357660774489e-04	-1.2787541700387014e-03	4.5515625227076625e-04	-1.4592685710922546e-05	-4.0997915810465380e-05
9.4495440289334089e-04	2.7317678922753933e-03	2.4660959160521943e-02	-8.5305500661226157e-03	5.9163590989602134e-04	-2.0465464231612010e-04	6.2996960195728716e-04	1.8211785948531410e-03	-5.9355596000589319e-05	2.0531880445749629e-05
3.6132197200994939e-03	-1.2138637943918198e-03	-8.5781354969550264e-03	-2.5533908948431085e-02	-2.0978856576316123e-04	-6.2446228727978210e-04	2.4088131467135177e-03	-8.0924252960843887e-04	2.6817860283755143e-05	7.9826766439806604e-05
-1.4868486425033878e-03	-4.5602156454101197e-03	-2.6177803255249547e-02	8.5352169763718948e-03	-6.5285015266492330e-04	2.1286040020645138e-04	-9.9123242830620527e-04	-3.0401437636511691e-03	1.0246225778068270e-04	-3.3407601909063729e-05
-5.5687545680203681e-03	1.7608541011063434e-03	8.4176950682982449e-03	2.6621216923179189e-02	2.1422770423781026e-04	6.7750163966308482e-04	-3.7125030453231053e-03	1.1739027340892186e-03	-4.0249463347819179e-05	-1.2729015014654671e-04
2.0328500827201108e-03	6.6343568853579867e-03	2.6750724170060951e-02	-8.1967573642380328e-03	6.9503798747058405e-04	-2.1296835689313119e-04	1.3552333884579678e-03	4.4229045901928729e-03	-1.5431203195338645e-04	4.7283140222262791e-05
7.7503182576875275e-03	-2.2993331641543817e-03	-7.9002076486903647e-03	-2.6629077864830038e-02	-2.0976593296771014e-04	-7.0705398957593966e-04	5.1668788384526421e-03	-1.5328887760815725e-03	5.4439949458596737e-05	1.8349969493491766e-04
-2.5569984483593644e-03	-8.9096869601050319e-03	-2.6094269402734648e-02	7.4888157497364893e-03	-7.0848575169416288e-04	2.0332890504808337e-04	-1.7046656322230701e-03	-5.9397913067288895e-03	2.1478720463763307e-04	-6.1641957958999589e-05
-1.0102623413548903e-02	2.8020149278173974e-03	7.0076449759953448e-03	2.5265961196234900e-02	1.9485065268712377e-04	7.0253117441630979e-04	-6.7350822757005100e-03	1.8680099518698454e-03	-6.8804016892785037e-05	-2.4807186614224976e-04
3.0310038216774518e-03	1.1319552045319417e-02	2.3907397675408035e-02	-6.4016152312418289e-03	6.8148702916436910e-04	-1.8247982621823715e-04	2.0206692144688048e-03	7.5463680302251656e-03	-2.8319884534330249e-04	7.5831338469919613e-05
1.2547060652443761e-02	-3.2399619258865310e-03	-5.7405435735194844e-03	-2.2230799956295698e-02	-1.6819214889937062e-04	-6.5134005992762399e-04	8.3647071016406671e-03	-2.1599746172782379e-03	8.2624330925696677e-05	3.1997057838027481e-04
-3.4257017542698690e-03	-1.3772976609498486e-02	-1.9882911829100725e-02	4.9454031765608078e-03	-6.0019042190392088e-04	1.4928314437550840e-04	-2.2838011695500205e-03	-9.1819844063193799e-03	3.5811859642513621e-04	-8.9073519754008894e-05
-1.4979854970883315e-02	3.5842289542114525e-03	4.1212582812152777e-03	1.7224305608333591e-02	1.2891386677759279e-04	5.3878007677065113e-04	-9.9865699805873551e-03	2.3894859694875326e-03	-9.5068727089727068e-05	-3.9732834103124390e-04
3.7128810414004819e-03	1.6153224705972569e-02	1.3718807372475344e-02	-3.1533210984654625e-03	4.4846129121238286e-04	-1.0308056847717620e-04	2.4752540275677745e-03	1.0768816470639146e-02	-4.3718921688864934e-04	1.0048962880922574e-04
1.7271079538488353e-02	-3.8078643633189975e-03	-2.1965105814492668e-03	-9.9625672065038074e-03	-7.6721393022607663e-05	-3.4798012697667382e-04	1.1514053025699484e-02	-2.5385762422234508e-03	1.0522158930118844e-04	4.7724663074754151e-04
-3.8674468766087674e-03	-1.8317356125291985e-02	-5.1312013851874992e-03	1.0833792618537210e-03	-2.0775054496638908e-04	4.3863535914243860e-05	-2.5782979177543827e-03	-1.2211570750195385e-02	5.1691494066176749e-04	-1.0913917157076655e-04
-1.9264793151517409e-02	3.8882150844994504e-03	3.8888289751620928e-05	1.9267958935484527e-04	1.2085248190992847e-05	5.9878372181856953e-05	-1.2843195434312546e-02	2.5921433896713138e-03	-1.1213215478606948e-04	-5.5557697322941319e-04
3.8698480817213076e-03	2.0097050466142942e-02	-6.1318354154352404e-03	1.1807337486424313e-03	-1.4305086232580696e-04	2.7545578387962356e-05	2.5798987211201100e-03	1.3398033644081797e-02	-5.9243343990143099e-04	1.1407780532869556e-04
2.0780570941464481e-02	-3.8094473461648902e-03	2.2529700574949515e-03	1.2289974219890559e-02	6.3566167659316857e-05	3.4675409753013681e-04	1.3853713961027145e-02	-2.5396315641065832e-03	1.1488246561913555e-04	6.2668492549732187e-04
-3.7086625670479738e-03	-2.1300973027911518e-02	2.0276486616121116e-02	-3.5302919199329342e-03	6.2781023622465282e-04	-1.0930658281965732e-04	-2.4724417114184716e-03	-1.4200648685256483e-02	6.5727187622063583e-04	-1.1443606828522943e-04
-2.1616690242125671e-02	3.5651576428923394e-03	-4.5558193942203560e-03	-2.7623387445966752e-02	-1.4765062857829920e-04	-8.9525288395441100e-04	-1.4411126828072666e-02	2.3767717619311937e-03	-1.1267752745606978e-04	-6.8319986176244721e-04
3.3831954123187524e-03	2.1718942660145485e-02	-3.7450875309483905e-02	5.8337841271964017e-03	-1.2734770301125913e-03	1.9837159798496531e-04	2.2554636081831858e-03	1.4479295106801890e-02	-7.0309002842010022e-04	1.0952148985889928e-04
2.1555205327883315e-02	-3.1609103189054757e-03	6.7250648084552804e-03	4.5860256821371848e-02	2.3623786287924278e-04	1.6109776608379095e-03	1.4370136885245473e-02	-2.1072735459510749e-03	1.0495997613015343e-04	7.1575388347492458e-04
-2.9059066802127752e-03	-2.1128131445793879e-02	5.7736098299589707e-02	-7.9408688094344034e-03	2.1106523676923889e-03	-2.9029349412506764e-04	-1.9372711201234641e-03	-1.4085420963930294e-02	7.1941364601238380e-04	-9.8946228418723739e-05
-2.0369098116412881e-02	2.6165007723941386e-03	-8.6000083290060907e-03	-6.6949878063029766e-02	-3.2386402850502179e-04	-2.5212367505782658e-03	-1.3579398744286035e-02	1.7443338482552760e-03	-9.1551172738120863e-05	-7.1271326978891182e-04
2.3044481927811007e-03	1.9301476534554055e-02	-8.1143166521078502e-02	9.6878711274779022e-03	-3.1746063342332586e-03	3.7902362124356769e-04	1.5362987951691100e-03	1.2867651023065540e-02	-6.9336065987577811e-04	8.2781942425849469e-05
1.7831617693147395e-02	-1.9677104918594409e-03	1.0011074788473226e-02	9.0721508419413760e-02	4.0335646812980527e-04	3.6552626191553453e-03	1.1887745128792582e-02	-1.3118069946075248e-03	7.2820223304681221e-05	6.5990519789738339e-04
-1.6230580916992963e-03	-1.6018415023140962e-02	1.0761902998215707e-01	-1.0904446039975179e-02	4.5070663239198091e-03	-4.5667631322619210e-04	-1.0820387277898885e-03	-1.0678943348775345e-02	6.0936123888760045e-04	-6.1743230430393931e-05
-1.3727820809752281e-02	1.2672949094621631e-03	-1.0788955027752959e-02	-1.1687006404493441e-01	-4.6566913477149381e-04	-5.0443051395801988e-03	-9.1518805398441722e-03	8.4486327296680363e-04	-4.9881991017421425e-05	-5.4034071308303592e-04
9.2303739244974624e-04	1.1077962973627575e-02	-1.3706570356112929e-01	1.1420580314243384e-02	-6.1592987471234687e-03	5.1320471686158405e-04	6.1535826159143394e-04	7.3853086490754489e-03	-4.4886906338519874e-04	3.7400642200158416e-05
7.8681892389409844e-03	-5.8493252943431901e-04	1.0775390289258830e-02	1.4494460218285321e-01	4.9971784806581321e-04	6.7219286871941239e-03	5.2454594926237665e-03	-3.8995501961419004e-04	2.4824930446929886e-05	3.3393124894019418e-04
-2.8202191391165385e-04	-4.3140525819476165e-03	1.6937714436531914e-01	-1.1072666897984756e-02	8.1973100440470882e-03	-5.3588153507448113e-04	-1.8801460924729746e-04	-2.8760350545955515e-03	1.9005423228591820e-04	-1.2424386919034699e-05
-1.0402741348423368e-04	5.8686786893298790e-06	-9.8353048800701066e-03	-1.7433934011164415e-01	-4.9219703990467320e-04	-8.7246209126551084e-03	-6.9351609003630234e-05	3.9124524378502970e-06	-9.6973633457533367e-07	-1.7189421501977616e-05
-2.0823525042768488e-04	-4.3870770253570408e-03	-2.0449906815010574e-01	9.7066708595302306e-03	-1.0710480250702778e-02	5.0837936211606770e-04	-1.3882350026570716e-04	-2.9247180168711488e-03	1.9254467488600977e-04	-9.1392488847336249e-06
-9.6558762414774135e-03	3.7198360183740651e-04	7.8699054551443423e-03	2.0428544681427022e-01	4.2734041675497836e-04	1.1092817965035306e-02	-6.4372508276581549e-03	2.4798906784300086e-04	-1.6839129283479019e-05	-4.3710676665698316e-04
4.4583493397738245e-04	1.5067756009413754e-02	2.4251653056409472e-01	-7.1757432374018534e-03	1.3825697994384422e-02	-4.0908411282848884e-04	2.9722328928996497e-04	1.0045170672980329e-02	-7.2845549182942260e-04	2.1554032659153540e-05
2.1428117503668211e-02	-4.4266212531477822e-04	-4.8306564011566791e-03	-2.3383944266318182e-01	-2.8657626625642888e-04	-1.3872407411835369e-02	1.4285411669154896e-02	-2.9510808356514486e-04	2.1904243169411476e-05	1.0603272034514224e-03
-3.2468532487209755e-04	-2.7678434515479331e-02	-2.8377228336846771e-01	3.3288256920981805e-03	-1.7730266509420181e-02	2.0798706935677770e-04	-2.1645688324114942e-04	-1.8452289676966032e-02	1.4518844769542073e-03	-1.7031511846929404e-05
-3.5138232860398334e-02	9.8566776229306571e-05	7.3454666267492100e-04	2.6185989207409704e-01	4.8014005806925834e-05	1.7116602496586850e-02	-2.3425488573576837e-02	6.5711184165005886e-05	-5.2976197974765810e-06	-1.8885572978937261e-03
-2.5738247188164331e-04	4.2056315549995685e-02	3.2901362900012704e-01	2.0135459092755765e-03	2.2708730524164670e-02	1.3897621913176383e-04	-1.7158831456817131e-04	2.8037543699967575e-02	-2.4026799288609101e-03	-1.4704276772105700e-05
5.0606627218878063e-02	7.6142661169945676e-04	4.3175622865691413e-03	-2.8695777462819166e-01	3.1427555933244444e-04	-2.0887669934839981e-02	3.3737751479252974e-02	5.0761774110022907e-04	-4.4588257929030084e-05	2.9634653240070336e-03
1.3881972514334412e-03	-5.7903263304465033e-02	-3.7955417332926383e-01	-9.0995922781730559e-03	-2.9201768601442496e-02	-7.0009555498454039e-04	9.2546483428148187e-04	-3.8602175536299695e-02	3.6279896210789893e-03	8.6978952895195170e-05
-6.7539434068278406e-02	-2.2224984791793779e-03	-1.0115387013483922e-02	3.0739615402712112e-01	-8.3112486865120970e-04	2.5257025451978787e-02	-4.5026289378833011e-02	-1.4816656527877933e-03	1.4260959292188214e-04	-4.3337582749532477e-03
-3.1283734183229239e-03	7.4762441502729052e-02	4.3741428063538140e-01	1.8303243525366438e-02	3.7900098001544938e-02	1.5858986603664953e-03	-2.0855822788520555e-03	4.9841627668527809e-02	-5.1853025675339549e-03	-2.1697475909179925e-04
8.5528608899820793e-02	4.3438585330089936e-03	1.6298031561853311e-02	-3.2090087524929956e-01	1.5388928790982409e-03	-3.0300105288503635e-02	5.7019072599874598e-02	2.8959056887171214e-03	-3.0766829371409372e-04	6.0578494920804369e-03
5.4956072060369839e-03	-9.1991061553833103e-02	-5.0536312064432976e-01	-3.0190729486550587e-02	-4.9894362635672214e-02	-2.9807224661173876e-03	3.6637381373294717e-03	-6.1327374369253118e-02	7.1483250830197461e-03	4.2704569493794934e-04
-1.0406947114777210e-01	-7.1498342227772540e-03	-2.2281920152433240e-02	3.2432466607849425e-01	-2.4786393493158431e-03	3.6077854768161069e-02	-6.9379647431862854e-02	-4.7665561485507272e-03	5.6399461322379559e-04	-8.2092282456888363e-03
-8.4449362918013540e-03	1.0872091774617385e-01	5.8671581860762545e-01	4.5573361235746304e-02	6.6916389425499795e-02	5.1977544988291609e-03	-5.6299575278745658e-03	7.2480611830790312e-02	-9.6188894022155372e-03	-7.4715068576733726e-04
1.2261324617053831e-01	1.0625744121965524e-02	2.7131847018572641e-02	-3.1308149870600049e-01	3.6905974636529692e-03	-4.2586772028573944e-02	8.1742164113708271e-02	7.0838294145838662e-03	-9.4360261993235348e-04	1.0888477939664369e-02
1.1840970370672447e-02	-1.2378201678132722e-01	-6.8463258483395117e-01	-6.5491857598653697e-02	-9.1736944444984203e-02	-8.7755433173991402e-03	7.8939802470934118e-03	-8.2521344520842019e-02	1.2752384919224164e-02	1.2198913527561070e-03
-1.4069459681968444e-01	-1.4727128871686356e-02	-2.9332811586700824e-02	2.8022896155207250e-01	-5.1957014470710924e-03	4.9636770079042436e-02	-9.3796397879791577e-02	-9.8180859144786203e-03	1.4919679584464460e-03	-1.4253411643939406e-02
-1.5408712559304030e-02	1.3551375860986575e-01	8.0051952052633868e-01	9.1023784297635288e-02	1.2885888395011083e-01	1.4652014039806503e-02	-1.0272475039471870e-02	9.0342505739909262e-02	-1.6815641416232791e-02	-1.9120374780729676e-03
1.5822685622075489e-01	1.9423246133939923e-02	2.6389560115665043e-02	-2.1497628025947949e-01	6.9427061382025578e-03	-5.6557105396217007e-02	1.0548457081382678e-01	1.2948830756007640e-02	-2.2837242051547109e-03	1.8603816242566421e-02
1.8615186063451007e-02	-1.4121099346645635e-01	-9.3092781774070177e-01	-1.2271986885321534e-01	-1.8586343986083312e-01	-2.4501509713792901e-02	1.2410124042267366e-02	-9.4140662310987971e-02	2.2330419619104758e-02	2.9437149728977086e-03
-1.7617514176176244e-01	-2.4825957148243805e-02	-1.4086679960654089e-02	9.9964837206457519e-02	-8.6569272837941722e-03	6.1433094558552226e-02	-1.1745009450781528e-01	-1.6550638098871605e-02	3.4737067613399243e-03	-2.4650843332638075e-02
-2.0287358265508083e-02	1.3522177997979637e-01	1.0617860380616821e+00	1.5930003092203779e-01	2.7650219174400670e-01	4.1483694552031304e-02	-1.3524905510335623e-02	9.0147853319889407e-02	-3.0477228265646063e-02	-4.5725063637848231e-03
1.9801770168332880e-01	3.1518201866470315e-02	-1.5197565802587043e-02	9.5480922768174312e-02	9.3328769466261164e-03	-5.8635161709163115e-02	1.3201180112219191e-01	2.1012134577656497e-02	-5.4951002412526959e-03	3.4523769049176672e-02
1.6967028265745813e-02	-1.0079445082189337e-01	-1.1550775524890993e+00	-1.9443762343787072e-01	-4.2916917000229149e-01	-7.2243316745801769e-02	1.1311352177144317e-02	-6.7196300547915588e-02	4.4491918966759858e-02	7.4894564062425251e-03
-2.3153249401691867e-01	-4.1102780606564367e-02	7.8154437951509906e-02	-4.4024495850189194e-01	-4.7014241474498380e-03	2.6483182331310293e-02	-1.5435499601127220e-01	-2.7401853737719382e-02	1.0060303641736355e-02	-5.6669820218227529e-02
7.7502012009060001e-03	-4.1501297365232274e-02	1.0916197390525448e+00	2.0385561544670985e-01	7.0770003491103017e-01	1.3216014781774255e-01	5.1668008006080617e-03	-2.7667531576867809e-02	-7.6466450002868197e-02	-1.4279803365250556e-02
2.5070735854883530e-01	4.9138113772781981e-02	-2.2479202424311198e-01	1.1469104218890400e+00	-3.9709278532284620e-02	2.0260053959666263e-01	1.6713823903252267e-01	3.2758742515207065e-02	-2.8042252850805464e-02	1.4307425783661801e-01
-2.0912986390051541e-01	1.0187432285938178e+00	-4.1591736651382349e-01	-8.5380437122242567e-02	-8.6679213798880195e-01	-1.7793700783889849e-01	-1.3941990926702919e-01	6.7916215239588240e-01	1.7229137670743061e-01	3.5368355063393919e-02
5.2261290894669361e-13	-2.5451833241585208e-12	-2.0594231794211006e-12	-4.5463183041405190e-13	4.4724533071106454e-01	-2.0840822174985583e+00	3.6625716801019319e-13	-1.6623908983823472e-12	9.1981914106122928e-02	-4.2861905651997023e-01
2.2728010665936463e-01	-1.0148481752940897e+00	4.1432715195990139e-01	9.2790548870953712e-02	-8.6347805306281433e-01	-1.9338004322227687e-01	1.5152007110624327e-01	-6.7656545019607151e-01	1.7163263947322160e-01	3.8437951234213140e-02
-2.4879376029157152e-01	-5.8055134963800485e-02	2.6558470219160990e-01	-1.1381562880215037e+00	-4.6915262891873116e-02	2.0105413090560062e-01	-1.6586250686101989e-01	-3.8703423309201193e-02	-3.3131039221369167e-02	1.4198220114000748e-01
-9.9604189385764669e-03	4.1026983269864918e-02	-1.0791437284944752e+00	-2.6199156453849054e-01	6.9961180346304164e-01	1.6984984115231705e-01	-6.6402792923954757e-03	2.7351322179883630e-02	-7.5592522752023800e-02	-1.8352146037293769e-02
2.2801033696248668e-01	5.7515394439689095e-02	-1.0936202514539321e-01	4.3354779103812907e-01	-6.5787340547273851e-03	2.6080310459059786e-02	1.5200689130830780e-01	3.8343596293114263e-02	1.4077449827620487e-02	-5.5807738166691434e-02
-2.5883443096742866e-02	9.8880982691884778e-02	1.1331497175203133e+00	2.9661736185885595e-01	-4.2102188091741560e-01	-1.1020820787792830e-01	-1.7255628731160461e-02	6.5920655127893260e-02	4.3647290436383455e-02	1.1425272345448585e-02
-1.9351397798874018e-01	-5.2504738374912728e-02	2.5316933180665916e-02	-9.3309300250939670e-02	1.5547215117742976e-02	-5.7301560911030787e-02	-1.2900931865915766e-01	-3.5003158916601697e-02	-9.1540374646420144e-03	3.3738558862501829e-02
3.6981188532462836e-02	-1.3163927370292489e-01	-1.0336555464827397e+00	-2.9038302584722181e-01	2.6917666447570282e-01	7.5619324611300692e-02	2.4654125688267650e-02	-8.7759515801912685e-02	-2.9669778003796134e-02	-8.3350783084834464e-03
1.7084883076555699e-01	4.9645601508551143e-02	2.8169777512238699e-02	-9.6942595720026031e-02	-1.7311653163521585e-02	5.9575785028676963e-02	1.1389922051035249e-01	3.3097067672343806e-02	6.9465302174385344e-03	-2.3905573275122681e-02
-4.0963528957586287e-02	1.3641502528421853e-01	8.9931058955121879e-01	2.7005042413551822e-01	-1.7955093455272148e-01	-5.3916640811516300e-02	-2.7309019305020003e-02	9.0943350189498076e-02	2.1572008539945401e-02	6.4777732099320744e-03
-1.5226416260091996e-01	-4.7208318200699810e-02	-6.4139987468192439e-02	2.0687501532283925e-01	1.6874289733350353e-02	-5.4425781439619438e-02	-1.0150944173392727e-01	-3.1472212133788327e-02	-5.5506056143616754e-03	1.7902741475717500e-02
4.1550061273301103e-02	-1.2990380904147436e-01	-7.6737990301783887e-01	-2.4544839884587052e-01	1.2352443049022303e-01	3.9509600863072210e-02	2.7700040848860151e-02	-8.6602539360992575e-02	-1.6119513574257803e-02	-5.1558671129196421e-03
1.3434880792843099e-01	4.4297355533621928e-02	8.8229415267182643e-02	-2.6758971394590941e-01	-1.5628017790093825e-02	4.7397988537040567e-02	8.9565871952301437e-02	2.9531570355756792e-02	4.4876523879827891e-03	-1.3610535916169912e-02
-3.9990061972880152e-02	1.1774120434736159e-01	6.5122113175337015e-01	2.2118317563986145e-01	-8.7259996248859772e-02	-2.9637310796839813e-02	-2.6660041315280693e-02	7.8494136231562969e-02	1.2130042778048803e-02	4.1198929892993447e-03
-1.1617673231250032e-01	-4.0618732671270044e-02	-1.0371614847724688e-01	2.9664646045365362e-01	1.4107943108856680e-02	-4.0351203237193975e-02	-7.7451154874981762e-02	-2.7079155114210093e-02	-3.6070831521642847e-03	1.0316893373506981e-02
3.6907420915339398e-02	-1.0261285097841222e-01	-5.5375344619166789e-01	-1.9917204595439061e-01	6.3156949372164234e-02	2.2716064174447062e-02	2.4604947276892577e-02	-6.8408567318941210e-02	-9.0784890824596714e-03	-3.2653182783490978e-03
9.7839585257412723e-02	3.6179973895224198e-02	1.1275216324731877e-01	-3.0490969593568096e-01	-1.2542543309123662e-02	3.3918134751696853e-02	6.5226390171598300e-02	2.4119982596789914e-02	2.8539557319261642e-03	-7.7178011761006261e-03
-3.2732708189475601e-02	8.6145962870857726e-02	4.7325242124539729e-01	1.7982077087981488e-01	-4.6724082068195040e-02	-1.7753655514448241e-02	-2.1821805459663977e-02	5.7430641913901952e-02	6.6941215461295157e-03	2.5435518952292508e-03
-7.9779972021745083e-02	-3.1131464975356543e-02	-1.1680435880947954e-01	2.9933215552557674e-01	1.1028902201827380e-02	-2.8263543443975511e-02	-5.3186648014455190e-02	-2.0754309983557533e-02	-2.2049900223191882e-03	5.6506830781026052e-03
2.7822509236028005e-02	-6.9463064714377035e-02	-4.0640909905649458e-01	-1.6278177364665522e-01	3.5213630110892603e-02	1.4104352431144846e-02	1.8548339490698132e-02	-4.6308709809538919e-02	-4.8177534142390555e-03	-1.9296872292042721e-03
6.2504370569140613e-02	2.5684982256353978e-02	1.1690155386059028e-01	-2.8447977655729495e-01	-9.6051478958954252e-03	2.3374114681146984e-02	4.1669580379405255e-02	1.7123321504236955e-02	1.6481112990224460e-03	-4.0106766795337638e-03
-2.2492050131848969e-02	5.3374363450818849e-02	3.4986736895960197e-01	1.4743472185563292e-01	-2.6917754215083800e-02	-1.1343188760442912e-02	-1.4994700087901297e-02	3.5582908967202370e-02	3.3442266563848311e-03	1.4092629632621435e-03
-4.6463041747652339e-02	-2.0069784266732820e-02	-1.1380289356634830e-01	2.6346215511832816e-01	8.2837179816739239e-03	-1.9177422684870767e-02	-3.0975361165084661e-02	-1.3379856177825991e-02	-1.1752632607861324e-03	2.7208217705662176e-03
1.7021208479178658e-02	-3.8458788141105843e-02	-3.0086956727824954e-01	-1.3315977591172470e-01	2.0766209434870002e-02	9.1907726615464615e-03	1.1347472319475114e-02	-2.5639192094072075e-02	-2.1971529637033714e-03	-9.7242270149861009e-04
3.2003806988603813e-02	1.4507289967354405e-02	1.0811236332489452e-01	-2.3850127784178363e-01	-7.0668185728050212e-03	1.5589755021484760e-02	2.1335871325720394e-02	9.6715266448945611e-03	7.7971616999987687e-04	-1.7200928540181005e-03
-1.1652703793237575e-02	2.5108079418653995e-02	2.5741979801788706e-01	1.1946898123437910e-01	-1.6083747041835950e-02	-7.4644953085052030e-03	-7.7684691955034390e-03	1.6738719612428302e-02	1.3170553679501863e-03	6.1124771129815751e-04
-1.9359707342798557e-02	-9.1957545154757857e-03	-1.0035086390429752e-01	2.1126742366022508e-01	5.9532645635497847e-03	-1.2533333730211418e-02	-1.2906471561884085e-02	-6.1305030103291315e-03	-4.5503337680641575e-04	9.5797609585912644e-04
6.5889581064402106e-03	-1.3558085079394776e-02	-2.1821827720638737e-01	-1.0604971655297110e-01	1.2440471545979286e-02	6.0458202551060833e-03	4.3926387376200292e-03	-9.0387233862186146e-03	-6.5546996700241217e-04	-3.1854529074651155e-04
8.6530324671761551e-03	4.3010867129374296e-03	9.0996342720142967e-02	-1.8306868875806165e-01	-4.9411540644674632e-03	9.9407357247143918e-03	5.7686883114801482e-03	2.8673911419013374e-03	1.9470362503637813e-04	-3.9170956093620261e-04
-1.9899405964856299e-03	3.9153471324609506e-03	1.8250986579358988e-01	9.2759027708623515e-02	-9.5588128125281020e-03	-4.8581822106200821e-03	-1.3266270643475082e-03	2.6102314216281267e-03	1.7184089461806087e-04	8.7336616793224492e-05
9.2459667853740589e-05	4.8034924477040318e-05	-8.0501638589386679e-02	1.5495297647052786e-01	4.0286161382606179e-03	-7.7544516251090000e-03	6.1639778583161224e-05	3.2023282997243595e-05	7.9372596208709378e-06	-1.5277974665048539e-05
-2.0272678938259856e-03	3.8184775665842038e-03	-1.4992001469148955e-01	-7.9594033573309325e-02	7.2556474318247492e-03	3.8520957053096903e-03	-1.3515119292121654e-03	2.5456517110685863e-03	1.6822183056602392e-04	8.9310650662633212e-05
-6.9353803951206720e-03	-3.7617877051932366e-03	6.9298133061866454e-02	-1.2776077446529333e-01	-3.2137596152374292e-03	5.9250141214084043e-03	-4.6235869300782608e-03	-2.5078584701226595e-03	-1.5965280296041800e-04	2.9434221358421727e-04
5.3871089278393260e-03	-9.7238016780166643e-03	1.2031090186607815e-01	6.6653759380635169e-02	-5.4063910054492287e-03	-2.9952089132318331e-03	3.5914059519234929e-03	-6.4825344519951816e-03	-3.9399966961076074e-04	-2.1828079267166277e-04
1.1999084184801782e-02	6.7883045967489118e-03	-5.7791371303504750e-02	1.0215268387710852e-01	2.4943711070878581e-03	-4.4090786865714484e-03	7.9993894565204681e-03	4.5255363978513484e-03	2.6719443660267177e-04	-4.7229591602210937e-04
-8.0525850759886695e-03	1.3942016031363776e-02	-9.3668833148554620e-02	-5.4100945040805939e-02	3.9228344999994828e-03	2.2657381995414808e-03	-5.3683900506873933e-03	9.2946773542183121e-03	5.3037233392853238e-04	3.0633075811653770e-04
-1.5454150307664637e-02	-9.1108568423519890e-03	4.6353095633951069e-02	-7.8625722466710610e-02	-1.8676137653672693e-03	3.1679109960225296e-03	-1.0302766871793973e-02	-6.0739045615712511e-03	-3.3717085518679017e-04	5.7192085951236499e-04
1.0021035033239605e-02	-1.6656420226180264e-02	7.0023382606241663e-02	4.2128306498567421e-02	-2.7395612391574197e-03	-1.6482076628088894e-03	6.6806900222069364e-03	-1.1104280150725286e-02	-5.9834316293128932e-04	-3.5998238016411656e-04
1.7501999028498541e-02	1.0743661590723512e-02	-3.5312649820155202e-02	5.7526194716694061e-02	1.3298239359936191e-03	-2.1663543017417281e-03	1.1667999352310087e-02	7.1624410604378573e-03	3.7591994199277475e-04	-6.1239368005830343e-04
-1.1319020165042375e-02	1.8075453370001673e-02	-4.9394152969449927e-02	-3.0931086252147993e-02	1.8056967666175679e-03	1.1307444083428657e-03	-7.5460134433646530e-03	1.2050302246653370e-02	6.1546984624631293e-04	3.8541304927259916e-04
-1.8360293302991174e-02	-1.1726800953259713e-02	2.4949616574584318e-02	-3.9062850448685550e-02	-8.7642934903229403e-04	1.3721985817369080e-03	-1.2240195535329200e-02	-7.8178673022157689e-03	-3.8939565617284887e-04	6.0966485978036712e-04
1.1996695752040831e-02	-1.8418408522661606e-02	3.1759626947544674e-02	2.0686401205815868e-02	-1.0799522040328404e-03	-7.0341898902791483e-04	7.9977971680084536e-03	-1.2278939015113143e-02	-5.9624446613663266e-04	-3.8835947446568643e-04
1.8250499551197272e-02	1.2120681176139531e-02	-1.5488692499261601e-02	2.3321823020425573e-02	5.0197668934094696e-04	-7.5584246883326925e-04	1.2166999700807018e-02	8.0804541174041254e-03	3.8307657701638464e-04	-5.7681072497531370e-04
-1.2122009791331774e-02	1.7903700974678218e-02	-1.7042609129981182e-02	-1.1538992355503251e-02	5.2768138324978358e-04	3.5727577518288549e-04	-8.0813398608722848e-03	1.1935800649779045e-02	5.5244420598347889e-04	3.7404188571601191e-04
-1.7387768680652713e-02	-1.2000396578673418e-02	7.0972337060929581e-03	-1.0283414516923014e-02	-2.0024410556419278e-04	2.9014024197105158e-04	-1.1591845787132028e-02	-8.0002643857982527e-03	-3.6189899001005542e-04	5.2436733096410310e-04
1.1775026879448197e-02	-1.6739650641532808e-02	5.1074548802816080e-03	3.5926929165628653e-03	-1.1915287273566957e-04	-8.3814682599030489e-05	7.8500179196480165e-03	-1.1159767094363157e-02	-4.9346190521309843e-04	-3.4711161675254134e-04
1.5973138977396273e-02	1.1450297066972853e-02	1.1452195758457976e-04	-1.5975745485802368e-04	-3.5589547672178415e-05	4.9647323943711863e-05	1.0648759318252014e-02	7.6335313780191852e-03	3.3021488148107808e-04	-4.6064902623157338e-04
-1.1042619119409841e-02	1.5117646766273861e-02	4.2348735138896445e-03	3.0933452123031880e-03	-1.7146029115620352e-04	-1.2524243399813652e-04	-7.3617460796101429e-03	1.0078431177523304e-02	4.2661929089475299e-04	3.1162219960798341e-04
-1.4187943694360760e-02	-1.0558990158156220e-02	-6.0907973943498213e-03	8.1841060099376479e-03	2.1274400510317825e-04	-2.8586068147428941e-04	-9.4586291295837479e-03	-7.0393267721032670e-03	-2.9177345085339352e-04	3.9205125021044099e-04
1.0013708566724795e-02	-1.3207490101078275e-02	-1.1217018230012952e-02	-8.5045641687157229e-03	3.6667899410779549e-04	2.7801015915308543e-04	6.6758057111545779e-03	-8.8049934007109996e-03	-3.5746251038891160e-04	-2.7102238012518675e-04
1.2190224274880887e-02	9.4149447301808548e-03	1.0825597967876854e-02	-1.4016700829792434e-02	-3.3862709162388636e-04	4.3844549147454079e-04	8.1268161832481495e-03	6.2766298201090941e-03	2.4972367075167955e-04	-3.2333567963151188e-04
-8.7751875645406523e-03	1.1154658237803696e-02	1.6103061061133708e-02	1.2668015623597954e-02	-4.8609092461220538e-04	-3.8239980746061455e-04	-5.8501250430063141e-03	7.4364388252219395e-03	2.9003828765927211e-04	2.2816838676404137e-04
-1.0112896370058697e-02	-8.1028026821419012e-03	-1.4356492626549189e-02	1.7917963798479486e-02	4.2063078132102011e-04	-5.2497830281354567e-04	-6.7419309133793827e-03	-5.4018684547604140e-03	-2.0663472764196770e-04	2.5789540597324700e-04
7.4085904682930116e-03	-9.0792086630500646e-03	-1.9175692969236605e-02	-1.5647272616127028e-02	5.4660846962015545e-04	4.4602986315996399e-04	4.9390603121725087e-03	-6.0528057753627684e-03	-2.2714868924714722e-04	-1.8535223459987797e-04
8.0633880990235579e-03	6.7004522128369113e-03	1.6757366868547976e-02	-2.0165974781893425e-02	-4.6594596378596472e-04	5.6072380608032787e-04	5.3755920660318460e-03	4.4669681418355069e-03	1.6453089622742569e-04	-1.9799804973397354e-04
-5.9875417387048021e-03	7.0760233690592101e-03	2.0723922060442993e-02	1.7536028952514826e-02	-5.6267540000686954e-04	-4.7612088612658559e-04	-3.9916944924763996e-03	4.7173489127033032e-03	1.7058279221564726e-04	1.4434259682132115e-04
-6.1244605458415915e-03	-5.2768692534410112e-03	-1.8130631108619278e-02	2.1042844019358933e-02	4.8140364116069223e-04	-5.5872857908300386e-04	-4.0829736972468923e-03	-3.5179128355797736e-03	-1.2493730786069073e-04	1.4500522488121524e-04
4.5759656572623908e-03	-5.2161009426561159e-03	-2.1032103264246239e-02	-1.8450981198582152e-02	5.4645663637424883e-04	4.7939385647564133e-04	3.0506437715321650e-03	-3.4774006284476341e-03	-1.2132406339112486e-04	-1.0643481665848684e-04
4.3559281794437361e-03	3.8906971483269803e-03	1.8599328104736676e-02	-2.0823346867882002e-02	-4.7334708014795250e-04	5.2994766035706136e-04	2.9039521196094205e-03	2.5937980988718686e-03	8.8933246771099971e-05	-9.9567460763911919e-05
-3.2270095039868695e-03	3.5486187848804210e-03	2.0370756675196444e-02	1.8524567055230590e-02	-5.0802779174262554e-04	-4.6198553508438873e-04	-2.1513396693217100e-03	2.3657458565368990e-03	7.9732960232968932e-05	7.2506807870139370e-05
-2.7970146381766413e-03	-2.5895040395243194e-03	-1.8299512660735630e-02	1.9765949285782267e-02	4.4753647175685570e-04	-4.8339993484331742e-04	-1.8646764254558715e-03	-1.7263360263432730e-03	-5.7209843342258306e-05	6.1794369445317382e-05
1.9826082772377400e-03	-2.1035111266981261e-03	-1.8989388840544789e-02	-1.7897941295228603e-02	4.5557045429041668e-04	4.2938576324386515e-04	1.3217388515093850e-03	-1.4023407511298740e-03	-4.5704892046117435e-05	-4.3077926301185103e-05
1.4691068946730342e-03	1.4096377814922074e-03	1.7373207249768496e-02	-1.8106139441822391e-02	-4.0908562167753823e-04	4.2634392038516531e-04	9.7940459647524714e-04	9.3975852100253122e-04	3.0129435064470546e-05	-3.1400521011056175e-05
-8.7360142073775822e-04	8.9434049312727597e-04	1.7111349835197010e-02	1.6714551185235422e-02	-3.9557328746889984e-04	-3.8640025757495872e-04	-5.8240094718156003e-04	5.9622699539877452e-04	1.8804323063981699e-05	1.8368265183273853e-05
-3.7870193673976465e-04	-3.7658327176015837e-04	-1.5962157804314616e-02	1.6051961367472625e-02	3.6242852496206826e-04	-3.6446755951182765e-04	-2.5246795777637962e-04	-2.5105551450905984e-04	-7.7842437714127342e-06	7.8280380872977186e-06
-7.9696825348746111e-05	7.8727289569734246e-05	-1.4930623830548276e-02	-1.5114498117966797e-02	3.3303587652024254e-04	3.3713729356714585e-04	-5.3131216909510064e-05	5.2484859709044047e-05	1.6237306364078235e-06	1.6437270686862618e-06
-4.7962456241094746e-04	-4.9427787950848600e-04	1.4202540757260167e-02	-1.3781493105997737e-02	-3.1131261301293290e-04	3.0208345731648538e-04	-3.1974970826281469e-04	-3.2951858634675609e-04	-9.9475057043739587e-06	9.6526028595088703e-06
8.6657600040007058e-04	-8.2599751942961149e-04	1.2610361251749509e-02	1.3229866040403954e-02	-2.7167097101464142e-04	-2.8501725667347266e-04	5.7771733360108832e-04	-5.5066501294161619e-04	-1.6363122719019445e-05	-1.7166987924998716e-05
1.1203639411049850e-03	1.1966077893595455e-03	-1.2220703353633042e-02	1.1442041281837493e-02	2.5881478706162579e-04	-2.4232398125704504e-04	7.4690929406092397e-04	7.9773852623731716e-04	2.3349503935661507e-05	-2.1861751593926344e-05
-1.4847567157671806e-03	1.3654904591090934e-03	-1.0282905448020803e-02	-1.1181046744646065e-02	2.1410059703719494e-04	2.3280081518330716e-04	-9.8983781054041552e-04	9.1032697276467105e-04	2.6254985701222698e-05	2.8548179212012863e-05
-1.5644364112140387e-03	-1.7318493834064458e-03	1.0129957261944827e-02	-9.1507227182786657e-03	-2.0737597741741511e-04	1.8732952260637977e-04	-1.0429576074744136e-03	-1.1545662556344590e-03	-3.2820337670572047e-05	2.9647688637895255e-05
1.9390610538267705e-03	-1.7204400157181910e-03	8.0510371828709775e-03	9.0741048301345769e-03	-1.6204188738033539e-04	-1.8263300112190275e-04	1.2927073692222952e-03	-1.1469600104610177e-03	-3.2142983708763249e-05	-3.6227480934063736e-05
1.8368404293170693e-03	2.1078506220633272e-03	-8.0283965429282719e-03	6.9961712356078525e-03	1.5884998214399373e-04	-1.3842635666590122e-04	1.2245602861869964e-03	1.4052337479988940e-03	3.8832219246194039e-05	-3.3839490103115331e-05
-2.2400102704935210e-03	1.9171048739851624e-03	-5.9901568974705978e-03	-6.9991019685410978e-03	1.1647932487478294e-04	1.3609838251425494e-04	-1.4933401803205273e-03	1.2780699160181213e-03	3.4833229590721960e-05	4.0700325314335610e-05
-1.9646322632278727e-03	-2.3374538532570789e-03	5.9976667100275216e-03	-5.0410445219965707e-03	-1.1456239813366157e-04	9.6289802693859310e-05	-1.3097548421412001e-03	-1.5583025687807342e-03	-4.1895776360799011e-05	3.5213441251559654e-05
2.4024232209994638e-03	-1.9829217273587621e-03	4.1511309777548860e-03	5.0293331529730860e-03	-7.7820880599720039e-05	-9.4284459339918065e-05	1.6016154806390425e-03	-1.3219478182589846e-03	-3.5066655673566357e-05	-4.2485261376271549e-05
1.9752552924533926e-03	2.4371180257219713e-03	-4.1025855785847710e-03	3.3250972494455536e-03	7.5375895721857989e-05	-6.1091275825888458e-05	1.3168368616704887e-03	1.6247453505021121e-03	4.2530969761399324e-05	-3.4470847214280820e-05
-2.4440753384623983e-03	1.9450104465863461e-03	-2.5635552559975794e-03	-3.2213305916342781e-03	4.6036571202304881e-05	5.7848962508792380e-05	-1.6293835589682414e-03	1.2966736310294534e-03	3.3501745906251875e-05	4.2097866932141824e-05
-1.8952180655108007e-03	-2.4256262637250845e-03	2.3914905931840436e-03	-1.8685465665810991e-03	-4.1758368350348367e-05	3.2627121264227532e-05	-1.2634787103549528e-03	-1.6170841757793405e-03	-4.1243932435625718e-05	3.2225181191747679e-05
2.3844655189772354e-03	-1.8290212201877863e-03	1.2392128957895694e-03	1.6155421879864760e-03	-2.0778650340868191e-05	-2.7088798177725403e-05	1.5896436792569182e-03	-1.2193474801450151e-03	-3.0705627171411774e-05	-4.0030431807970471e-05
1.7491053484708309e-03	2.3229203308919098e-03	-8.9718237621470821e-04	6.7555781813857330e-04	1.3851141594537583e-05	-1.0429594161316303e-05	1.1660702323666365e-03	1.5486135539685142e-03	3.8509383680145848e-05	-2.8996676321889028e-05
-2.2437245317919767e-03	1.6583024409813642e-03	-1.7554516117229528e-04	-2.3751668612389536e-04	1.4835574669671024e-06	2.0072840332398355e-06	-1.4958163545016213e-03	1.1055349606605167e-03	2.7151728960629830e-05	3.6736965972583784e-05
-1.5588941359073411e-03	-2.1490885727613418e-03	-3.6167650888713996e-04	2.6235113981126908e-04	8.4652341181404010e-06	-6.1404695769319621e-06	-1.0392627572853852e-03	-1.4327257152004940e-03	-3.4758096634392709e-05	2.5212638375991725e-05
2.0416871196858354e-03	-1.4533561318177844e-03	-6.4101803933908617e-04	-9.0050731495603590e-04	1.2543833975453266e-05	1.7621678912183971e-05	1.3611247464815565e-03	-9.6890408788968905e-04	-2.3222373544448366e-05	-3.2622988900239386e-05
1.3435394775752965e-03	1.9235246919232605e-03	1.3788369446629777e-03	-9.6308692872533247e-04	-2.5509366949338231e-05	1.7817724966767810e-05	8.9569298501700103e-04	1.2823497946069802e-03	3.0368851827363378e-05	-2.1211971692350525e-05
-1.7971382672897932e-03	1.2315439971598771e-03	1.2319763803379233e-03	1.7977695420975637e-03	-2.2062453365987032e-05	-3.2194779142977299e-05	-1.1980921781983827e-03	8.2102933142511492e-04	1.9214909503685102e-05	2.8039476664917990e-05
-1.1187897177213676e-03	-1.6642619736741734e-03	-2.1585425529584306e-03	1.4510669422937818e-03	3.7743053036008142e-05	-2.5372535431248174e-05	-7.4585981181249340e-04	-1.1095079824361780e-03	-2.5664217809410993e-05	1.7252610139269502e-05
1.5272353111646867e-03	-1.0070015474606077e-03	-1.6240104046370445e-03	-2.4630008800136179e-03	2.7842414498109693e-05	4.2226262861152975e-05	1.0181568740956464e-03	-6.7133436496678834e-04	-1.5350170032812558e-05	-2.3280323418354869e-05
8.9718963584250978e-04	1.3874814716850021e-03	2.7135199202542354e-03	-1.7546480780914666e-03	-4.5721740877604476e-05	2.9565127953443396e-05	5.9812642390818735e-04	9.2498764778539309e-04	2.0909528080182016e-05	-1.3520765693017526e-05
-1.2470990602444431e-03	7.9071979078715977e-04	1.8466091977249923e-03	2.9124158790584543e-03	-3.0625756266056566e-05	-4.8302012340410262e-05	-8.3139937348976703e-04	5.2714652722382833e-04	1.1782287269167823e-05	1.8582662974626755e-05
-6.8822983557200639e-04	-1.1071829962598023e-03	-3.0629820594827587e-03	1.9039633379735312e-03	5.0052042343689232e-05	-3.1112573632326802e-05	-4.5881989037636591e-04	-7.3812199750345928e-04	-1.6314392747471406e-05	1.0141098515257677e-05
9.6956157391056173e-04	-5.9075271898707035e-04	-1.9301023547620005e-03	-3.1677431020345989e-03	3.1098880648209723e-05	5.1040434681287451e-05	6.4637438261041808e-04	-3.9383514600102847e-04	-8.6090453126193997e-06	-1.4129430564514973e-05
4.9860361769814168e-04	8.3500520405273163e-04	3.2307188493227806e-03	-1.9291472237348960e-03	-5.1356309107769838e-05	3.0666202932398202e-05	3.3240241180099644e-04	5.5667013599461086e-04	1.2036162039225988e-05	-7.1871096203719677e-06
-7.0505316233833654e-04	4.1251460567349839e-04	1.9040900578389884e-03	3.2543935946987008e-03	-2.9874756741371666e-05	-5.1060724811807438e-05	-4.7003544153502528e-04	2.7500973712537376e-04	5.8821780433204320e-06	1.0053579129687165e-05
-3.3253556138363149e-04	-5.8017453853096551e-04	-3.2433429486152785e-03	1.8589698179984869e-03	5.0244253018937008e-05	-2.8798234604485399e-05	-2.2169037425504053e-04	-3.8678302571035819e-04	-8.1847652441324977e-06	4.6912184610317290e-06
4.6160881231918546e-04	-2.5913227482108475e-04	-1.7962601092098387e-03	-3.1997919551649007e-03	2.7483262421505998e-05	4.8957676089166069e-05	3.0773920822323273e-04	-1.7275484988466916e-04	-3.6171334428668963e-06	-6.4434299970466820e-06
1.9215100788361249e-04	3.4956353032632355e-04	3.1287295175218923e-03	-1.7198261121595647e-03	-4.7291101797109647e-05	2.5995366530428144e-05	1.2810067192926776e-04	2.3304235352650149e-04	4.8284554684628038e-06	-2.6541458248428210e-06
-2.4497219691669967e-04	1.3182521056227385e-04	1.6315541750581751e-03	3.0319351998362928e-03	-2.4367877530378341e-05	-4.5283097570736978e-05	-1.6331479794760143e-04	8.7883473719075210e-05	1.8020107032697963e-06	3.3486957373561006e-06
-7.7860034836353464e-05	-1.4783502291562927e-04	-2.9146857004864694e-03	1.5350729158661546e-03	4.3021875347522379e-05	-2.2658263517416237e-05	-5.1906689866416584e-05	-9.8556681965667148e-05	-2.0000136377111089e-06	1.0533439812029196e-06
5.8775610944256908e-05	-3.0288281239578228e-05	-1.4316504665921543e-03	-2.7781728568799847e-03	2.0887354191796452e-05	4.0532714309118763e-05	3.9183740665796660e-05	-2.0192187466806184e-05	-4.0544907757814542e-07	-7.8679001648693375e-07
-1.1264981887686698e-05	-2.2347720385090218e-05	2.6278569153953837e-03	-1.3246425056526456e-03	-3.7900980066659291e-05	1.9105015957826244e-05	-7.5099879663266293e-06	-1.4898480273820461e-05	-2.9691823649734619e-07	1.4966978820321156e-07
9.5225559624968501e-05	-4.6939924764494540e-05	1.2147099135138681e-03	2.4642436551325928e-03	-1.7320884980049990e-05	-3.5138333346746502e-05	6.3483706433487325e-05	-3.1293283113357966e-05	-6.1660935011985832e-07	-1.2508961360827912e-06
7.7134608952055892e-05	1.6006720460964562e-04	-2.2928795149971242e-03	1.1049134383072118e-03	3.2326526597999820e-05	-1.5577798209989008e-05	5.1423072617996183e-05	1.0671146970707302e-04	2.0816806492325837e-06	-1.0031387947946616e-06
-2.1688333559988419e-04	1.0213866951132411e-04	-9.9534604870326129e-04	-2.1135380779354297e-03	1.3875751567757080e-05	2.9464052783576624e-05	-1.4458889040336795e-04	6.8092446388681659e-05	1.3153298261176276e-06	2.7929981986241602e-06
-1.2232180707770767e-04	-2.6587118259177432e-04	1.9317632263242161e-03	-8.8876391219731377e-04	-2.6628467537537605e-05	1.2251201414747612e-05	-8.1547871376859174e-05	-1.7724745506314161e-04	-3.3908098920980975e-06	1.5600411807568133e-06
3.0737037422171899e-04	-1.3810425506095836e-04	7.8476312461977886e-04	1.7466004846762725e-03	-1.0696338564831039e-05	-2.3806203626538918e-05	2.0491358281579035e-04	-9.2069503381439155e-05	-1.7445089384077479e-06	-3.8826491267646781e-06
1.4978316868657080e-04	3.4148359644557100e-04	-1.5634949600911482e-03	6.8578783199866591e-04	2.1069945275091842e-05	-9.2418031011275991e-06	9.9855445776742991e-05	2.2765573097552569e-04	4.2727996042399482e-06	-1.8741558021511399e-06
-3.6889094421963176e-04	1.5789417426178434e-04	-5.9102610674256631e-04	-1.3808244869978814e-03	7.8738668378095085e-06	1.8395850095168063e-05	-2.4592729615410884e-04	1.0526278286983955e-04	1.9571578620419086e-06	4.5725424317129266e-06
-1.6262565838198241e-04	-3.8951899081059090e-04	1.2038325398076425e-03	-5.0260447746756725e-04	-1.5850984683615322e-05	6.6178436366067990e-06	-1.0841710559975943e-04	-2.5967932719329770e-04	-4.7834869272943504e-06	1.9971239645092544e-06
4.0440222689817890e-04	-1.6461665343666738e-04	4.1941280337483121e-04	1.0303424066940656e-03	-5.4560791929369549e-06	-1.3403572964468033e-05	2.6960148462715325e-04	-1.0974443562452899e-04	-2.0030139338180354e-06	-4.9206643347465577e-06
1.6391978675657103e-04	4.1321337797216420e-04	-8.6527055674078803e-04	3.4324889923696721e-04	1.1114014773973834e-05	-4.4088794705068549e-06	1.0927985779136957e-04	2.7547558531545009e-04	4.9821403220822465e-06	-1.9763914296191743e-06
-4.1735563598149891e-04	1.6126705406848576e-04	-2.7282129566871414e-04	-7.0605527216970195e-04	3.4565621001088838e-06	8.9455027800905085e-06	-2.7823709067535159e-04	1.0751136939380357e-04	1.9268811013154347e-06	4.9867264706713555e-06
-1.5655762353793405e-04	-4.1617805899536953e-04	5.5714017880948894e-04	-2.0958450687117762e-04	-6.9504763187239265e-06	2.6146238206114955e-06	-1.0437174900192977e-04	-2.7745203932871701e-04	-4.9282382975693552e-06	1.8539018565409355e-06
4.1146531986194608e-04	-1.5060668912914881e-04	1.5219283035936178e-04	4.1579910875839531e-04	-1.8632260788468830e-06	-5.0904361622878761e-06	2.7431021321774863e-04	-1.0040445942142809e-04	-1.7676443257853973e-06	-4.8292963757732612e-06
1.4315234700283574e-04	4.0218423406710428e-04	-2.8582305976284066e-04	1.0173523343163951e-04	3.4081510972140772e-06	-1.2130901713357430e-06	9.5434898005221312e-05	2.6812282269965718e-04	4.6789453964686423e-06	-1.6654109189371752e-06
-3.9050851143286082e-04	1.3508204289585881e-04	-5.6935232252871587e-05	-1.6459358974639689e-04	6.4588654836510788e-07	1.8671868136803485e-06	-2.6033900762969023e-04	9.0054695271999806e-05	1.5578527744099603e-06	4.5035946661457374e-06
-1.2597477601838581e-04	-3.7497989759162028e-04	5.5040873049317541e-05	-1.8490867125175165e-05	-4.9862874529022913e-07	1.6751255891668321e-07	-8.3983183979247119e-05	-2.4998659839315870e-04	-4.2872183342454058e-06	1.4402941942250314e-06
3.5816015472864526e-04	-1.1677734201503216e-04	-1.4682190010558414e-05	-4.5030330391863683e-05	2.3731854962222412e-07	7.2785784732620047e-07	2.3877343647958870e-04	-7.7851561357852926e-05	-1.3237237535766738e-06	-4.0599066245006873e-06
1.0692151441172801e-04	3.3814255981874354e-04	1.3379611970607152e-04	-4.2306513667919558e-05	-1.7952855220218081e-06	5.6767168869006364e-07	7.1281009638652097e-05	2.2542837318534548e-04	3.8005073867084840e-06	-1.2017298429017620e-06
-3.1786243887033854e-04	9.7397052807746649e-05	6.5165646842032428e-05	2.1267338235711385e-04	-8.3455326065547188e-07	-2.7236327775805914e-06	-2.1190829260719159e-04	6.4931368551233727e-05	1.0854797705950306e-06	3.5425429950669480e-06
-8.7509145359957773e-05	-2.9496537742213283e-04	-2.8121599158597947e-04	8.3430178368320404e-05	3.5126463776908384e-06	-1.0421197789716803e-06	-5.8339430252990121e-05	-1.9664358495421685e-04	-3.2599568291418235e-06	9.6715092005128030e-07
2.7272811308565675e-04	-7.8270449957153969e-05	-9.7485276496704661e-05	-3.3968031364142362e-04	1.1960761373099825e-06	4.1676392264159511e-06	1.8181874203550662e-04	-5.2180299992186960e-05	-8.5789404892117065e-07	-2.9892740529528606e-06
6.8888694122096046e-05	2.4837719779718682e-04	3.8929774342976662e-04	-1.0797359484881195e-04	-4.7079690887483207e-06	1.3057776525027271e-06	4.5925796109315181e-05	1.6558479854017087e-04	2.7000526822375939e-06	-7.4887350746729460e-07
-2.2547548201669744e-04	6.0374939009424445e-05	1.1480881895524279e-04	4.2876421658209329e-04	-1.3709725013889541e-06	-5.1200250023067123e-06	-1.5031698799215424e-04	4.0249959351329016e-05	6.5098504081160255e-07	2.4311604815577087e-06
-5.1875170885559298e-05	-2.0089150540617652e-04	-4.6129799896014144e-04	1.1911872310662835e-04	5.4456415785361988e-06	-1.4062014969745257e-06	-3.4583447269434736e-05	-1.3392767026915641e-04	-2.1486136395442831e-06	5.5482534997955974e-07
1.7839171749945015e-04	-4.4370697082669721e-05	-1.2029296563168691e-04	-4.8363530482119959e-04	1.4048792085062172e-06	5.6482862412899429e-06	1.1892781169211263e-04	-2.9580464721292147e-05	-4.7076433092090491e-07	-1.8927008833896286e-06
3.6987070344460763e-05	1.5458305941111618e-04	5.0129436600632941e-04	-1.1994452336127834e-04	-5.7950649493663269e-06	1.3865829736995839e-06	2.4658046846531561e-05	1.0305537294657528e-04	1.6270743296696960e-06	-3.8930988183773414e-07
-1.3332096025497715e-04	3.0644357181114228e-05	1.1691941016736623e-04	5.0866906275237589e-04	-1.3384242678870972e-06	-5.8229433466749693e-06	-8.8880640170195584e-05	2.0429571496070740e-05	3.2000832298044981e-07	1.3922242389378046e-06
-2.4491814527221624e-05	-1.1108587706942366e-04	-5.1386740050463574e-04	1.1329575274610000e-04	5.8267041677941722e-06	-1.2846522380893882e-06	-1.6327876376209752e-05	-7.4057251389825432e-05	-1.1509631687909224e-06	2.5376021880329975e-07
9.1672808918692310e-05	-1.9355379334269505e-05	-1.0738368680844750e-04	-5.0859982179283906e-04	1.2064095386189720e-06	5.7138995106982734e-06	6.1115205971105379e-05	-1.2903586218145014e-05	-1.9898574821681748e-07	-9.4245543746761947e-07
1.4453204843800044e-05	7.1610795534990775e-05	5.0381639931001618e-04	-1.0168516740220272e-04	-5.6088773226570717e-06	1.1320385023316742e-06	9.6354699102669228e-06	4.7740530345954836e-05	7.3053584787380676e-07	-1.4744402935346214e-07
-5.4447347154535887e-05	1.0484293603266516e-05	9.4019698635517150e-05	4.8826757899036885e-04	-1.0374502496797857e-06	-5.3877368695013037e-06	-3.6298231438261117e-05	6.9895291017084306e-06	1.0613750047706367e-07	5.5119644100963163e-07
-6.7783560523980805e-06	-3.6975953943023760e-05	-4.7592527533360415e-04	8.7245697344449610e-05	5.2053967576770548e-06	-9.5424335500465248e-07	-4.5189040374172088e-06	-2.4650635999029547e-05	-3.7148102887358077e-07	6.8099140615036140e-08
2.2272203325201635e-05	-3.8777415064270627e-06	-7.8766211050376581e-05	-4.5239871499392915e-04	8.5410688643020200e-07	4.9056160800910145e-06	1.4848135537466302e-05	-2.5851609754490586e-06	-3.8663188439472067e-08	-2.2206596269706057e-07
1.2614688751481285e-06	7.6487449917136324e-06	4.3476763226554409e-04	-7.1704410986313819e-05	-4.6738371807683959e-06	7.7083633458980977e-07	8.4097922659773675e-07	5.0991633423139193e-06	7.5676368596558681e-08	-1.2480920729018162e-08
4.5517378941337478e-06	-7.0901026817548298e-07	6.3156345117914623e-05	4.0544272391185814e-04	-6.7323918076575114e-07	-4.3219724611735463e-06	3.0344919292803245e-06	-4.7267350122285533e-07	-6.9692614231455037e-09	-4.4741596936571101e-08
2.3766320310662461e-06	1.6207030509849325e-05	-3.8456309438594365e-04	5.6393464829458534e-05	4.0645079781577046e-06	-5.9603154106310253e-07	1.5844213449572747e-06	1.0804687015358342e-05	1.5807143332054281e-07	-2.3179917360153049e-08
-2.5999965509459465e-05	3.5759868020464673e-06	-4.8336488074820000e-05	-3.5144177905627850e-04	5.0664240672809071e-07	3.6836615228351232e-06	-1.7333310349877597e-05	2.3839911430713042e-06	3.4620907580134271e-08	2.5171860544144832e-07
-4.4547310183764091e-06	-3.4679395127996224e-05	3.2906955831418593e-04	-4.2270298446896659e-05	-3.4198812377920818e-06	4.3929728158544356e-07	-2.9698206652922961e-06	-2.3119596734956753e-05	-3.3330658981973352e-07	4.2814795460561540e-08
4.2271756524088270e-05	-5.0469013714728239e-06	3.5095392519643554e-05	2.9395127436834118e-04	-3.6172312769722956e-07	-3.0297142995889165e-06	2.8181170995585455e-05	-3.3646009343302028e-06	-4.8156586518544272e-08	-4.0334917311517577e-07
5.3030905158959141e-06	4.8057297419672140e-05	-2.7152094268438241e-04	2.9962358513130301e-05	2.7745421973825060e-06	-3.0617107258289829e-07	3.5353937449022991e-06	3.2038198269076349e-05	4.5527415936352963e-07	-5.0239198144820347e-08
-5.3738556635095031e-05	5.4450557342610635e-06	-2.3911291925542051e-05	-2.3598602431020602e-04	2.4230524599750185e-07	2.3913648143112331e-06	-3.5825704436583349e-05	3.6300371514053931e-06	5.1217969135489613e-08	5.0548237998390278e-07
-5.2417071855464822e-06	-5.6780068894358800e-05	2.1459232513449826e-04	-1.9810123065692865e-05	-2.1554117509224869e-06	1.9897705403380184e-07	-3.4944714563101614e-06	-3.7853379290757945e-05	-5.3032821254323144e-07	4.8957764004047300e-08
6.0894643579230249e-05	-5.0738376825786647e-06	1.4998480926414640e-05	1.8000797799818473e-04	-1.4935300713135625e-07	-1.7924984933207766e-06	4.0596429058737102e-05	-3.3825584406145855e-06	-4.7058297516607634e-08	-5.6477925420510183e-07
4.5639460726405008e-06	6.1391822984361766e-05	-1.6040116046873832e-04	1.1924606758774731e-05	1.5823147279726126e-06	-1.1763317731081804e-07	3.0426307119519634e-06	4.0927882027577674e-05	5.6543484063392780e-07	-4.2035143849759621e-08
-6.4312396848487615e-05	4.2043093242319270e-06	-8.3632368357477579e-06	-1.2792949478342047e-04	8.1730952697949210e-08	1.2502078504964676e-06	-4.2874931225006953e-05	2.8028728894829821e-06	3.8455651818650006e-08	5.8824766262433245e-07
-3.5258809222715723e-06	-6.2499157760447825e-05	1.1052513152476865e-04	-6.2351021005070740e-06	-1.0686554684473834e-06	6.0286414161874171e-08	-2.3505872869003006e-06	-4.1666105188138843e-05	-5.6774601689124334e-07	3.2029309408556050e-08
6.4602391719725818e-05	-3.0663688579849744e-06	3.8515665170830830e-06	8.1147161284084179e-05	-3.6813215608628138e-08	-7.7560591939995394e-07	4.3068261157208165e-05	-2.0442458976654437e-06	-2.7665534509970593e-08	-5.8285868051904834e-07
2.3397830817830480e-06	6.0735935881057737e-05	-6.6045704568452703e-05	2.5445029651071459e-06	6.2229119425189562e-07	-2.3974757738444323e-08	1.5598553476106360e-06	4.0490623936998923e-05	5.4427143300764876e-07	-2.0967439663204539e-08
-6.2379910279510698e-05	1.8457659582494492e-06	-1.2008506163380077e-06	-4.0580721971635512e-05	1.1085617926386596e-08	3.7461517022154671e-07	-4.1586606855614681e-05	1.2305106312336524e-06	1.6429381847134380e-08	5.5525098406925434e-07
-1.1719888051663462e-06	-5.6732527723074202e-05	2.7597648792816963e-05	-5.6996845380731479e-07	-2.4638319190282298e-07	5.0883347985086503e-09	-7.8132584813721552e-07	-3.7821685157081911e-05	-5.0161604330491149e-07	1.0362457128079624e-08
5.8237147269129574e-05	-6.8313551073820100e-07	7.8843001246169245e-08	6.7322226847889453e-06	-5.7219861607853845e-10	-4.8890502681840821e-08	3.8824764840606925e-05	-4.5542363141887476e-07	-6.0001182195645722e-09	-5.1150874343551379e-07
1.4330699841509834e-07	5.1092672724262829e-05	4.5651766896733797e-06	-1.2652251699057787e-08	-5.9663364810213384e-08	1.6584736926085673e-10	9.5538024435532840e-08	3.4061781807792067e-05	4.4580480597553795e-07	-1.2504131601161929e-09
-5.2722197746590845e-05	-3.2262751508463157e-07	-1.2410469217280296e-07	2.0258783321183164e-05	1.2458474272060109e-09	-2.0337257528221968e-07	-3.5148131866412927e-05	-2.1508504051778283e-07	-2.7966561264467680e-09	4.5701572923448012e-07
6.6765224596203712e-07	-4.4374599472064524e-05	-3.0507201868711886e-05	-4.5886302616593088e-07	2.9937153796999876e-07	4.5028995208337217e-09	4.4510151770271810e-07	-2.9583066336154239e-05	-3.8215775125010402e-07	-5.7498768341738485e-09
4.6323379425577820e-05	1.1105990203631953e-06	9.7199216871253231e-07	-4.0548176495595027e-05	-9.2666987924316277e-09	3.8657621460573480e-07	3.0882252944343483e-05	7.4039936680494014e-07	9.5028491548401182e-09	-3.9636634944989640e-07
-1.2201687122774793e-06	3.7079192861253960e-05	5.0539752832841258e-05	1.6632474332572660e-06	-4.7834703442795956e-07	-1.5742262900957765e-08	-8.1344580789798701e-07	2.4719461920962013e-05	3.1523457404233880e-07	1.0373455775347233e-08
-3.9459704930998980e-05	-1.6511270017015876e-06	-2.2819271524581939e-06	5.4530915767780741e-05	2.1217141603887858e-08	-5.0702237057153656e-07	-2.6306469924906844e-05	-1.1007512995723693e-06	-1.3947877925399837e-08	3.3333544649172580e-07
1.5054296056919825e-06	-2.9641361947842059e-05	-6.5159864834552284e-05	-3.3092089326400255e-06	6.0359961508741498e-07	3.0654388268269604e-08	1.0036197331667096e-06	-1.9760907910428767e-05	-2.4881029934073842e-07	-1.2636611902082060e-08
3.2475500749856616e-05	1.9401313723199690e-06	3.7503252650030942e-06	-6.2778797415036374e-05	-3.4182587404245693e-08	5.7220227470397998e-07	2.1650333812561229e-05	1.2934208741399050e-06	1.6183041691168816e-08	-2.7088494922511574e-07
-1.5408293617756292e-06	2.2427303999324720e-05	7.4985830263344771e-05	5.1518639441049442e-06	-6.8288901050646197e-07	-4.6917569022986471e-08	-1.0272195887882431e-06	1.4951536005271566e-05	1.8590165139093985e-07	1.2772053307640317e-08
-2.5639779331929665e-05	-1.9915444751690483e-06	-5.1262062646060902e-06	6.5993577438420677e-05	4.5850186111208329e-08	-5.9026410778156695e-07	-1.7093186218316778e-05	-1.3276963275209226e-06	-1.6405464549534217e-08	2.1120918854618118e-07
1.3634811496415354e-06	-1.5733645034540514e-05	-8.0708394451963768e-05	-6.9940789548761863e-06	7.2427244591010777e-07	6.2764438751327217e-08	9.0898745941008797e-07	-1.0489096738020889e-05	-1.2880682626938109e-07	-1.1162427971213281e-08
1.9147478173932584e-05	1.8316695678925593e-06	6.2138593660157710e-06	-6.4959058274089641e-05	-5.4475365682947495e-08	5.6948058102268839e-07	1.2764985437884559e-05	1.2211130984256823e-06	1.4903245947989821e-08	-1.5579205757098546e-07
-1.0249382965791147e-06	9.7915015775596951e-06	8.3043030213827978e-05	8.6926273893224338e-06	-7.3570802394242822e-07	-7.7011119227805668e-08	-6.8329217432706300e-07	6.5276677089441041e-06	7.9182164560204695e-08	8.2884971027277778e-09
-1.3121715863961889e-05	-1.4919801050881725e-06	-6.8810612725853474e-06	6.0515083255772786e-05	5.8889109924168661e-08	-5.1789650999169028e-07	-8.7478105459796825e-06	-9.9465340236370148e-07	-1.1992062217134883e-08	1.0546818479331125e-07
5.8579966393530968e-07	-4.7721391502999457e-06	-8.2701643864274905e-05	-1.0151922531996055e-05	7.2488863754293309e-07	8.8982664119642407e-08	3.9053310190117986e-07	-3.1814260851808646e-06	-3.8126039530474741e-08	-4.6801277542820549e-09
7.6094225347401613e-06	1.0031415328163692e-06	7.0586837553425980e-06	-5.3546534448363581e-05	-5.8399223955959916e-08	4.4301197114252748e-07	5.0729483639768394e-06	6.6876102214053877e-07	7.9660327158484121e-09	-6.0427074639454970e-08
-1.1273301488803246e-07	7.9986829380835364e-07	8.0362322761952257e-05	1.1324504049429340e-05	-6.9913672092166641e-07	-9.8520994532729716e-08	-7.5155371130277118e-08	5.3324552193461540e-07	6.3139008439436815e-09	8.8987803035288067e-10
-2.5566148213539578e-06	-3.8353264415393490e-07	-6.7583515693255202e-06	4.5045577608605592e-05	5.2777943335933620e-08	-3.5177369546264229e-07	-1.7044098798894963e-06	-2.5568844029347536e-07	-3.0088945090322934e-09	2.0057183445788842e-08
-3.2205654197940711e-07	2.0233084179018996e-06	-7.6628972593391714e-05	-1.2196740666531682e-05	6.6542711030049616e-07	1.0591351087774151e-07	-2.1470434638849772e-07	1.3488722904716656e-06	1.5784517221278186e-08	2.5124726570777752e-09
-2.2887066385859223e-06	-3.8523395306253439e-07	6.1277673941572255e-06	-3.6403200714339684e-05	-4.2277093079448900e-08	2.5115690705818363e-07	-1.5258044485068955e-06	-2.5682263481618821e-07	-2.9894382629389844e-09	1.7760498388765268e-08
6.2910015799743273e-07	-3.5438305446278053e-06	7.1843790709271479e-05	1.2754197734813170e-05	-6.2999919835484725e-07	-1.1184166938537698e-07	4.1940011169947747e-07	-2.3625536843312858e-06	-2.7323564783147701e-08	-4.8504742660353133e-09
7.7832545644008478e-06	1.4535284732461478e-06	-5.8054206246789340e-06	3.1086279070320265e-05	2.8464182780037896e-08	-1.5241495026456368e-07	5.1888363634220004e-06	9.6901895789442318e-07	1.1145961777749148e-08	-5.9683632375301011e-08
-6.3523322046316671e-07	3.2409564738288378e-06	-6.5082752364213991e-05	-1.2755890136474787e-05	5.9607024475451869e-07	1.1682688396985365e-07	-4.2348884103623095e-07	2.1606376307041728e-06	2.4697145624742686e-08	4.8406846012805778e-09
-1.9268230856574318e-05	-3.9553966344089235e-06	1.1839637792408366e-05	-5.7674819930392032e-05	-2.7594893641413131e-08	1.3442672891451623e-07	-1.2845487252906410e-05	-2.6369310650861662e-06	-2.9982617359774285e-08	1.4605665326845209e-07
